(272476.8, -74.02, -0.37)
(272508.8, -74.02, -0.37)
(272532.8, -74.02, -0.37)
(272556.8, -74.02, -0.37)
(272580.8, -74.02, -0.37)
(272604.8, -74.02, -0.37)
(272628.8, -74.02, -0.37)
(272652.8, -74.02, -0.37)
(272676.8, -74.02, -0.37)
(272700.8, -74.02, -0.37)
(272724.8, -74.02, -0.37)
(272748.8, -74.02, -0.37)
(272772.8, -74.02, -0.37)
(272796.8, -74.02, -0.37)
(272820.8, -74.02, -0.37)
(272844.8, -74.02, -0.37)
(272868.8, -74.02, -0.37)
(272892.8, -74.02, -0.37)
(272916.8, -74.02, -0.37)
(272940.8, -74.02, -0.37)
(272964.8, -74.02, -0.37)
(272988.8, -74.02, -0.37)
(273012.8, -74.02, -0.37)
(273036.8, -74.02, -0.37)
(273060.8, -74.02, -0.37)
(273084.8, -74.02, -0.37)
(273108.8, -74.02, -0.38)
(273132.8, -74.02, -0.38)
(273156.8, -74.02, -0.38)
(273180.8, -74.02, -0.38)
(273204.8, -74.02, -0.38)
(273228.8, -74.02, -0.38)
(273244.8, -74.02, -0.38)
(273268.7, -74.02, -0.38)
(273292.8, -74.02, -0.38)
(273316.8, -74.02, -0.38)
(273340.8, -74.02, -0.38)
(273364.8, -74.02, -0.38)
(273388.8, -74.02, -0.38)
(273412.8, -74.02, -0.38)
(273436.8, -74.02, -0.38)
(273452.7, -74.01, -0.38)
(273476.7, -74.02, -0.38)
(273500.8, -74.02, -0.38)
(273524.7, -74.01, -0.38)
(273548.7, -74.01, -0.38)
(273572.8, -74.01, -0.39)
(273596.8, -74.01, -0.39)
(273620.7, -74.01, -0.39)
(273644.7, -74.01, -0.39)
(273668.7, -74.01, -0.39)
(273692.7, -74.01, -0.39)
(273716.7, -74.01, -0.39)
(273740.7, -74.01, -0.38)
(273764.7, -74.01, -0.38)
(273788.8, -74.01, -0.38)
(273812.7, -74.01, -0.39)
(273836.7, -74.01, -0.39)
(273860.7, -74.01, -0.38)
(273884.7, -74.01, -0.38)
(273908.7, -74.01, -0.38)
(273932.7, -74.01, -0.38)
(273956.7, -74.02, -0.38)
(273980.8, -74.02, -0.39)
(274004.7, -74.02, -0.39)
(274028.7, -74.01, -0.38)
(274052.7, -74.01, -0.39)
(274076.7, -74.01, -0.39)
(274100.7, -74.01, -0.39)
(274124.7, -74.01, -0.39)
(274148.7, -74.01, -0.39)
(274172.7, -74.01, -0.39)
(274196.7, -74.01, -0.39)
(274220.7, -74.01, -0.39)
(274244.7, -74.01, -0.39)
(274268.7, -74.01, -0.39)
(274292.7, -74.01, -0.39)
(274316.7, -74.01, -0.39)
(274340.7, -74.01, -0.39)
(274364.7, -74.01, -0.39)
(274388.7, -74.01, -0.39)
(274412.7, -74.01, -0.38)
(274436.7, -74.01, -0.39)
(274460.7, -74.01, -0.39)
(274484.7, -74.01, -0.39)
(274508.7, -74.02, -0.39)
(274532.7, -74.01, -0.38)
(274556.7, -74.01, -0.38)
(274580.7, -74.01, -0.38)
(274604.7, -74.01, -0.38)
(274628.7, -74.01, -0.38)
(274652.7, -74.01, -0.38)
(274676.7, -74.01, -0.38)
(274700.7, -74.01, -0.38)
(274724.7, -74.01, -0.38)
(274748.7, -74.01, -0.38)
(274772.7, -74.01, -0.38)
(274796.7, -74.01, -0.38)
(274820.7, -74.01, -0.38)
(274844.7, -74.01, -0.38)
(274868.7, -74.01, -0.38)
(274892.7, -74.01, -0.38)
(274916.7, -74.01, -0.38)
(274940.7, -74.01, -0.38)
(274964.7, -74.01, -0.38)
(274988.7, -74.01, -0.38)
(275012.7, -74.01, -0.38)
(275036.7, -74.02, -0.38)
(275060.7, -74.02, -0.38)
(275084.7, -74.02, -0.38)
(275108.7, -74.02, -0.38)
(275132.7, -74.02, -0.38)
(275156.7, -74.02, -0.38)
(275180.7, -74.02, -0.38)
(275204.7, -74.02, -0.38)
(275228.7, -74.02, -0.39)
(275252.7, -74.02, -0.39)
(275268.7, -74.02, -0.39)
(275292.7, -74.02, -0.39)
(275316.7, -74.01, -0.39)
(275332.7, -74.01, -0.39)
(275356.7, -74.02, -0.39)
(275380.7, -74.01, -0.39)
(275404.7, -74.01, -0.38)
(275420.7, -74.01, -0.39)
(275444.7, -74.01, -0.39)
(275468.7, -74.01, -0.39)
(275492.7, -74.01, -0.39)
(275516.7, -74.01, -0.39)
(275540.7, -74.01, -0.39)
(275564.7, -74.01, -0.39)
(275580.7, -74.01, -0.39)
(275604.7, -74.01, -0.39)
(275628.7, -74.01, -0.39)
(275652.7, -74.01, -0.39)
(275676.7, -74.01, -0.39)
(275700.7, -74.01, -0.39)
(275724.7, -74.01, -0.39)
(275748.7, -74.01, -0.39)
(275772.7, -74.01, -0.39)
(275796.7, -74.01, -0.39)
(275820.7, -74.02, -0.39)
(275844.7, -74.01, -0.39)
(275868.7, -74.02, -0.39)
(275884.7, -74.01, -0.39)
(275908.7, -74.01, -0.39)
(275932.7, -74.01, -0.39)
(275948.7, -74.01, -0.39)
(275972.7, -74.01, -0.39)
(275996.7, -74.01, -0.39)
(276020.7, -74.01, -0.39)
(276036.7, -74.01, -0.39)
(276060.7, -74.01, -0.39)
(276084.7, -74.01, -0.39)
(276108.7, -74.01, -0.39)
(276124.7, -74.01, -0.39)
(276148.6, -74.01, -0.39)
(276172.6, -74.01, -0.39)
(276188.7, -74.01, -0.39)
(276212.7, -74.01, -0.39)
(276236.6, -74.01, -0.38)
(276260.6, -74.01, -0.39)
(276276.6, -74.01, -0.39)
(276300.7, -74.01, -0.39)
(276324.6, -74.01, -0.38)
(276348.6, -74.01, -0.38)
(276364.6, -74.01, -0.38)
(276388.7, -74.01, -0.38)
(276412.6, -74.01, -0.38)
(276436.6, -74.01, -0.38)
(276460.6, -74.01, -0.38)
(276476.6, -74.0, -0.38)
(276500.6, -74.0, -0.38)
(276524.6, -74.0, -0.38)
(276548.6, -74.01, -0.38)
(276572.6, -74.01, -0.38)
(276596.7, -74.01, -0.38)
(276620.6, -74.01, -0.38)
(276644.6, -74.01, -0.38)
(276668.6, -74.01, -0.37)
(276692.6, -74.01, -0.38)
(276716.6, -74.01, -0.38)
(276740.6, -74.01, -0.38)
(276756.6, -74.01, -0.38)
(276780.6, -74.01, -0.37)
(276796.6, -74.01, -0.38)
(276820.6, -74.01, -0.38)
(276844.6, -74.01, -0.38)
(276868.6, -74.01, -0.38)
(276892.7, -74.01, -0.37)
(276916.6, -74.01, -0.37)
(276940.6, -74.01, -0.37)
(276964.6, -74.0, -0.38)
(276980.7, -74.0, -0.38)
(277004.6, -74.0, -0.38)
(277028.6, -74.0, -0.38)
(277052.6, -74.0, -0.38)
(277076.6, -74.0, -0.38)
(277100.6, -74.0, -0.38)
(277124.6, -74.0, -0.38)
(277148.6, -74.0, -0.38)
(277172.6, -74.0, -0.38)
(277188.6, -74.0, -0.38)
(277212.6, -74.0, -0.38)
(277236.6, -74.0, -0.38)
(277260.6, -74.0, -0.38)
(277284.6, -74.0, -0.38)
(277308.6, -74.0, -0.38)
(277332.6, -74.0, -0.37)
(277356.6, -74.0, -0.38)
(277380.6, -74.0, -0.38)
(277404.6, -74.0, -0.38)
(277428.6, -74.0, -0.38)
(277452.6, -74.0, -0.38)
(277476.6, -74.0, -0.38)
(277500.6, -74.0, -0.38)
(277524.6, -74.0, -0.38)
(277548.6, -74.0, -0.38)
(277572.6, -74.0, -0.38)
(277596.6, -74.01, -0.38)
(277620.6, -74.0, -0.38)
(277644.6, -74.0, -0.38)
(277668.6, -74.0, -0.38)
(277692.6, -74.0, -0.38)
(277716.6, -74.0, -0.38)
(277740.6, -74.0, -0.38)
(277764.6, -74.0, -0.38)
(277788.6, -74.0, -0.38)
(277812.6, -74.0, -0.38)
(277836.6, -74.0, -0.38)
(277860.6, -74.0, -0.38)
(277884.6, -74.0, -0.38)
(277908.6, -74.0, -0.38)
(277932.6, -74.0, -0.38)
(277956.6, -74.0, -0.38)
(277980.6, -74.0, -0.37)
(278004.6, -74.0, -0.38)
(278028.6, -74.0, -0.38)
(278052.6, -74.0, -0.38)
(278076.6, -74.0, -0.37)
(278100.6, -74.0, -0.38)
(278124.6, -74.0, -0.37)
(278148.6, -74.0, -0.37)
(278172.6, -74.0, -0.37)
(278196.6, -74.0, -0.38)
(278220.6, -74.0, -0.38)
(278244.6, -74.0, -0.38)
(278268.6, -74.01, -0.38)
(278292.6, -74.0, -0.38)
(278316.6, -74.01, -0.38)
(278340.6, -74.01, -0.38)
(278364.6, -74.01, -0.38)
(278388.6, -74.0, -0.38)
(278412.6, -74.0, -0.38)
(278436.6, -74.0, -0.38)
(278460.6, -74.01, -0.38)
(278484.6, -74.01, -0.38)
(278508.6, -74.0, -0.38)
(278532.6, -74.0, -0.38)
(278556.6, -74.0, -0.38)
(278580.5, -74.01, -0.38)
(278604.6, -74.0, -0.37)
(278628.6, -74.0, -0.37)
(278652.6, -74.0, -0.38)
(278676.6, -74.0, -0.38)
(278700.5, -74.01, -0.37)
(278724.5, -74.0, -0.37)
(278748.5, -74.0, -0.37)
(278772.5, -74.0, -0.37)
(278796.6, -74.01, -0.37)
(278820.5, -74.01, -0.37)
(278844.5, -74.01, -0.37)
(278868.5, -74.01, -0.37)
(278892.5, -74.01, -0.37)
(278916.5, -74.0, -0.37)
(278940.5, -74.01, -0.37)
(278964.5, -74.01, -0.38)
(278980.5, -74.01, -0.38)
(279004.6, -74.01, -0.38)
(279028.5, -74.01, -0.38)
(279052.5, -74.01, -0.38)
(279076.5, -74.01, -0.38)
(279100.5, -74.01, -0.38)
(279124.5, -74.01, -0.38)
(279148.5, -74.01, -0.38)
(279172.5, -74.01, -0.38)
(279196.6, -74.01, -0.38)
(279220.5, -74.01, -0.38)
(279244.5, -74.01, -0.38)
(279268.5, -74.01, -0.38)
(279284.6, -74.01, -0.38)
(279308.5, -74.01, -0.38)
(279332.5, -74.01, -0.38)
(279356.5, -74.01, -0.38)
(279380.5, -74.01, -0.38)
(279404.5, -74.01, -0.38)
(279428.5, -74.01, -0.38)
(279452.5, -74.01, -0.38)
(279476.6, -74.01, -0.38)
(279500.5, -74.01, -0.38)
(279524.5, -74.01, -0.38)
(279548.5, -74.01, -0.38)
(279572.5, -74.01, -0.38)
(279596.5, -74.01, -0.38)
(279620.5, -74.01, -0.38)
(279644.5, -74.01, -0.38)
(279668.6, -74.01, -0.38)
(279684.5, -74.01, -0.38)
(279708.5, -74.01, -0.38)
(279732.5, -74.01, -0.38)
(279756.5, -74.01, -0.38)
(279780.5, -74.01, -0.38)
(279804.5, -74.01, -0.38)
(279828.5, -74.01, -0.38)
(279852.5, -74.01, -0.38)
(279876.5, -74.01, -0.38)
(279900.5, -74.02, -0.39)
(279924.5, -74.01, -0.38)
(279948.5, -74.01, -0.38)
(279972.5, -74.01, -0.38)
(279996.5, -74.01, -0.38)
(280020.5, -74.01, -0.38)
(280044.5, -74.02, -0.38)
(280068.5, -74.02, -0.38)
(280092.5, -74.01, -0.38)
(280116.5, -74.01, -0.38)
(280140.5, -74.01, -0.38)
(280164.5, -74.01, -0.38)
(280188.5, -74.02, -0.38)
(280212.5, -74.02, -0.38)
(280236.5, -74.02, -0.38)
(280260.5, -74.02, -0.38)
(280284.5, -74.02, -0.38)
(280308.5, -74.02, -0.38)
(280332.5, -74.01, -0.38)
(280356.5, -74.02, -0.38)
(280380.5, -74.01, -0.38)
(280404.5, -74.01, -0.38)
(280428.5, -74.01, -0.38)
(280452.5, -74.01, -0.38)
(280476.5, -74.01, -0.38)
(280500.5, -74.01, -0.38)
(280524.5, -74.01, -0.38)
(280548.5, -74.01, -0.38)
(280572.5, -74.01, -0.38)
(280596.5, -74.01, -0.38)
(280612.5, -74.01, -0.38)
(280636.5, -74.01, -0.38)
(280660.5, -74.01, -0.38)
(280684.5, -74.01, -0.38)
(280700.5, -74.01, -0.38)
(280724.5, -74.01, -0.38)
(280748.5, -74.01, -0.38)
(280772.5, -74.01, -0.38)
(280788.5, -74.01, -0.38)
(280812.5, -74.01, -0.38)
(280836.5, -74.01, -0.38)
(280852.5, -74.01, -0.37)
(280876.5, -74.01, -0.38)
(280900.5, -74.01, -0.37)
(280924.5, -74.01, -0.37)
(280940.5, -74.01, -0.37)
(280964.5, -74.01, -0.37)
(280988.5, -74.01, -0.37)
(281012.5, -74.01, -0.37)
(281036.5, -74.0, -0.37)
(281060.5, -74.0, -0.37)
(281084.5, -74.0, -0.37)
(281108.5, -74.0, -0.37)
(281132.5, -74.0, -0.37)
(281148.5, -74.0, -0.37)
(281172.5, -74.0, -0.37)
(281196.5, -74.0, -0.37)
(281220.5, -74.0, -0.37)
(281244.4, -74.0, -0.37)
(281268.4, -74.0, -0.37)
(281292.5, -74.0, -0.37)
(281316.4, -74.0, -0.37)
(281340.4, -74.0, -0.37)
(281364.4, -74.0, -0.37)
(281388.4, -74.0, -0.37)
(281412.4, -74.0, -0.37)
(281436.4, -74.0, -0.37)
(281460.4, -74.0, -0.37)
(281484.5, -74.0, -0.37)
(281508.4, -74.0, -0.37)
(281532.4, -74.0, -0.37)
(281556.4, -74.0, -0.37)
(281580.4, -74.0, -0.37)
(281604.4, -74.0, -0.37)
(281628.4, -74.0, -0.37)
(281652.4, -74.0, -0.37)
(281676.5, -74.0, -0.36)
(281700.4, -74.0, -0.36)
(281724.4, -74.0, -0.36)
(281748.4, -74.0, -0.36)
(281772.4, -73.99, -0.36)
(281796.4, -73.99, -0.36)
(281820.4, -73.99, -0.36)
(281844.4, -73.99, -0.36)
(281868.4, -73.99, -0.36)
(281884.4, -73.99, -0.36)
(281908.4, -73.99, -0.36)
(281932.4, -73.99, -0.37)
(281956.5, -73.99, -0.37)
(281980.4, -73.99, -0.37)
(281996.4, -73.99, -0.37)
(282020.4, -73.99, -0.37)
(282036.4, -73.99, -0.37)
(282060.4, -73.99, -0.37)
(282084.4, -73.99, -0.37)
(282108.4, -73.99, -0.37)
(282132.4, -73.99, -0.37)
(282156.4, -73.99, -0.37)
(282180.4, -73.99, -0.37)
(282204.4, -73.99, -0.37)
(282228.4, -73.99, -0.37)
(282252.4, -73.99, -0.37)
(282276.4, -73.99, -0.37)
(282300.4, -73.99, -0.36)
(282324.4, -73.99, -0.37)
(282348.4, -73.99, -0.37)
(282372.4, -73.99, -0.37)
(282396.4, -73.99, -0.36)
(282420.4, -74.0, -0.37)
(282444.4, -74.0, -0.36)
(282468.4, -74.0, -0.36)
(282492.4, -74.0, -0.36)
(282516.4, -74.0, -0.36)
(282540.4, -74.0, -0.36)
(282564.4, -74.0, -0.36)
(282588.4, -74.0, -0.36)
(282612.4, -74.0, -0.36)
(282636.4, -74.0, -0.36)
(282660.4, -74.0, -0.36)
(282684.4, -74.0, -0.36)
(282708.4, -74.0, -0.36)
(282732.4, -74.0, -0.36)
(282756.4, -74.0, -0.36)
(282780.4, -74.0, -0.36)
(282804.4, -74.0, -0.36)
(282828.4, -74.01, -0.36)
(282852.4, -74.01, -0.36)
(282876.4, -74.01, -0.36)
(282900.4, -74.01, -0.36)
(282924.4, -74.01, -0.36)
(282948.4, -74.01, -0.36)
(282972.4, -74.01, -0.36)
(282996.4, -74.0, -0.36)
(283020.4, -74.01, -0.36)
(283044.4, -74.01, -0.36)
(283068.4, -74.01, -0.35)
(283092.4, -74.01, -0.35)
(283116.4, -74.01, -0.35)
(283140.4, -74.01, -0.35)
(283164.4, -74.0, -0.35)
(283188.4, -74.0, -0.35)
(283212.4, -74.0, -0.35)
(283236.4, -74.0, -0.35)
(283252.4, -74.0, -0.35)
(283276.4, -74.0, -0.35)
(283300.4, -74.0, -0.35)
(283324.4, -74.0, -0.34)
(283348.4, -74.0, -0.34)
(283372.4, -74.0, -0.34)
(283396.4, -74.0, -0.34)
(283420.4, -74.0, -0.34)
(283444.4, -74.0, -0.34)
(283468.4, -74.0, -0.35)
(283492.4, -74.0, -0.35)
(283516.4, -74.0, -0.35)
(283540.4, -74.0, -0.34)
(283564.4, -74.0, -0.35)
(283588.4, -74.0, -0.34)
(283612.4, -74.0, -0.34)
(283636.4, -74.0, -0.34)
(283660.4, -74.0, -0.35)
(283684.4, -74.0, -0.35)
(283708.4, -74.0, -0.35)
(283732.4, -74.0, -0.35)
(283756.4, -74.0, -0.35)
(283780.4, -74.0, -0.35)
(283804.3, -74.0, -0.35)
(283828.4, -74.0, -0.35)
(283852.4, -74.0, -0.35)
(283876.4, -74.0, -0.35)
(283900.3, -74.0, -0.35)
(283924.3, -74.0, -0.35)
(283948.4, -74.0, -0.35)
(283972.3, -74.0, -0.35)
(283996.3, -74.0, -0.35)
(284020.3, -73.99, -0.35)
(284044.3, -74.0, -0.35)
(284068.3, -74.0, -0.35)
(284092.3, -74.0, -0.35)
(284108.3, -73.99, -0.35)
(284132.3, -73.99, -0.35)
(284156.3, -73.99, -0.35)
(284172.3, -73.99, -0.35)
(284196.3, -73.99, -0.35)
(284220.3, -73.99, -0.35)
(284244.3, -73.99, -0.35)
(284268.3, -73.99, -0.35)
(284292.3, -74.0, -0.35)
(284316.4, -73.99, -0.35)
(284340.3, -73.99, -0.35)
(284364.3, -73.99, -0.35)
(284388.3, -73.99, -0.35)
(284412.3, -73.99, -0.35)
(284436.3, -73.99, -0.35)
(284460.3, -73.99, -0.35)
(284484.3, -73.99, -0.36)
(284508.4, -73.99, -0.36)
(284532.3, -73.99, -0.36)
(284556.3, -73.99, -0.36)
(284580.3, -73.99, -0.36)
(284604.3, -73.99, -0.36)
(284628.3, -73.99, -0.36)
(284652.3, -73.99, -0.36)
(284676.3, -73.99, -0.36)
(284700.4, -73.99, -0.36)
(284724.3, -73.99, -0.36)
(284748.3, -73.99, -0.36)
(284772.3, -73.99, -0.36)
(284796.3, -73.98, -0.35)
(284820.3, -73.98, -0.36)
(284844.3, -73.99, -0.36)
(284868.3, -73.99, -0.36)
(284892.3, -73.99, -0.36)
(284916.3, -73.99, -0.36)
(284940.3, -73.98, -0.36)
(284964.3, -73.98, -0.36)
(284988.3, -73.99, -0.36)
(285012.3, -73.98, -0.36)
(285036.3, -73.98, -0.36)
(285052.3, -73.98, -0.36)
(285076.3, -73.98, -0.36)
(285100.3, -73.99, -0.36)
(285124.3, -73.99, -0.36)
(285148.3, -73.99, -0.36)
(285172.3, -73.99, -0.36)
(285196.3, -73.99, -0.36)
(285220.3, -73.99, -0.36)
(285244.3, -73.99, -0.36)
(285268.3, -73.99, -0.36)
(285292.3, -73.99, -0.36)
(285316.3, -73.99, -0.36)
(285340.3, -73.99, -0.36)
(285356.3, -73.99, -0.36)
(285380.3, -73.99, -0.36)
(285404.3, -73.99, -0.36)
(285420.3, -73.99, -0.36)
(285444.3, -73.99, -0.36)
(285468.3, -73.99, -0.36)
(285492.3, -73.99, -0.36)
(285516.3, -73.99, -0.36)
(285540.3, -73.99, -0.36)
(285556.3, -73.99, -0.36)
(285580.3, -73.99, -0.36)
(285604.3, -73.99, -0.37)
(285628.3, -73.99, -0.36)
(285644.3, -73.99, -0.36)
(285668.3, -73.99, -0.37)
(285692.3, -73.99, -0.37)
(285716.3, -73.99, -0.37)
(285740.3, -73.99, -0.37)
(285764.3, -73.98, -0.37)
(285788.3, -73.98, -0.37)
(285812.3, -73.98, -0.37)
(285836.3, -73.98, -0.37)
(285852.3, -73.98, -0.37)
(285876.3, -73.98, -0.37)
(285900.3, -73.98, -0.37)
(285924.3, -73.98, -0.37)
(285948.3, -73.98, -0.37)
(285972.3, -73.98, -0.37)
(285996.3, -73.98, -0.37)
(286020.3, -73.98, -0.37)
(286044.3, -73.98, -0.37)
(286068.3, -73.98, -0.37)
(286092.3, -73.98, -0.37)
(286116.3, -73.98, -0.36)
(286140.3, -73.98, -0.37)
(286164.3, -73.98, -0.37)
(286180.3, -73.98, -0.36)
(286204.3, -73.98, -0.36)
(286228.3, -73.97, -0.37)
(286252.3, -73.98, -0.37)
(286276.3, -73.97, -0.37)
(286300.3, -73.97, -0.37)
(286324.3, -73.97, -0.36)
(286348.3, -73.97, -0.36)
(286372.3, -73.97, -0.36)
(286396.3, -73.97, -0.36)
(286420.3, -73.97, -0.36)
(286444.3, -73.97, -0.35)
(286468.3, -73.97, -0.36)
(286492.3, -73.97, -0.36)
(286516.3, -73.97, -0.36)
(286540.3, -73.97, -0.36)
(286564.2, -73.97, -0.36)
(286588.2, -73.97, -0.36)
(286612.2, -73.97, -0.36)
(286636.2, -73.97, -0.36)
(286660.3, -73.97, -0.36)
(286684.2, -73.97, -0.36)
(286708.2, -73.97, -0.36)
(286724.2, -73.97, -0.36)
(286748.3, -73.97, -0.36)
(286772.2, -73.97, -0.36)
(286796.2, -73.97, -0.36)
(286820.2, -73.97, -0.36)
(286844.2, -73.97, -0.36)
(286868.2, -73.97, -0.36)
(286892.2, -73.97, -0.36)
(286916.2, -73.97, -0.36)
(286940.3, -73.97, -0.36)
(286964.2, -73.97, -0.36)
(286980.2, -73.97, -0.36)
(287004.2, -73.97, -0.36)
(287028.3, -73.97, -0.36)
(287052.2, -73.97, -0.36)
(287076.2, -73.97, -0.35)
(287100.2, -73.97, -0.35)
(287124.2, -73.97, -0.35)
(287148.2, -73.97, -0.35)
(287172.2, -73.97, -0.35)
(287196.2, -73.97, -0.35)
(287220.3, -73.97, -0.35)
(287244.2, -73.96, -0.35)
(287268.2, -73.96, -0.35)
(287292.2, -73.96, -0.35)
(287316.2, -73.96, -0.35)
(287340.2, -73.97, -0.35)
(287364.2, -73.97, -0.35)
(287388.2, -73.97, -0.35)
(287412.3, -73.96, -0.35)
(287436.2, -73.96, -0.35)
(287460.2, -73.96, -0.34)
(287484.2, -73.96, -0.34)
(287508.2, -73.96, -0.35)
(287524.2, -73.96, -0.35)
(287548.2, -73.96, -0.35)
(287572.2, -73.96, -0.35)
(287596.2, -73.96, -0.35)
(287620.2, -73.96, -0.35)
(287644.2, -73.96, -0.35)
(287668.2, -73.97, -0.34)
(287692.3, -73.97, -0.35)
(287716.2, -73.97, -0.35)
(287740.2, -73.97, -0.34)
(287764.2, -73.97, -0.34)
(287788.2, -73.97, -0.34)
(287812.2, -73.97, -0.34)
(287836.2, -73.97, -0.34)
(287860.2, -73.97, -0.34)
(287884.2, -73.97, -0.34)
(287908.2, -73.96, -0.34)
(287932.2, -73.96, -0.34)
(287956.2, -73.96, -0.34)
(287972.2, -73.96, -0.34)
(287996.2, -73.97, -0.34)
(288020.2, -73.97, -0.34)
(288044.2, -73.97, -0.34)
(288060.2, -73.97, -0.34)
(288084.2, -73.97, -0.34)
(288108.2, -73.97, -0.34)
(288132.2, -73.97, -0.35)
(288156.2, -73.97, -0.35)
(288180.2, -73.97, -0.35)
(288204.2, -73.97, -0.35)
(288228.2, -73.97, -0.35)
(288252.2, -73.97, -0.35)
(288276.2, -73.97, -0.35)
(288300.2, -73.97, -0.35)
(288324.2, -73.97, -0.35)
(288348.2, -73.97, -0.35)
(288372.2, -73.97, -0.35)
(288396.2, -73.96, -0.35)
(288420.2, -73.96, -0.35)
(288444.2, -73.96, -0.35)
(288468.2, -73.96, -0.35)
(288492.2, -73.96, -0.34)
(288516.2, -73.96, -0.35)
(288540.2, -73.96, -0.34)
(288564.2, -73.96, -0.34)
(288588.2, -73.96, -0.34)
(288612.2, -73.96, -0.34)
(288636.2, -73.96, -0.34)
(288660.2, -73.96, -0.34)
(288684.2, -73.96, -0.34)
(288708.2, -73.96, -0.34)
(288732.2, -73.96, -0.34)
(288756.2, -73.96, -0.34)
(288780.2, -73.96, -0.34)
(288796.2, -73.96, -0.34)
(288820.2, -73.95, -0.34)
(288844.2, -73.95, -0.34)
(288868.2, -73.95, -0.34)
(288892.2, -73.95, -0.34)
(288916.2, -73.95, -0.34)
(288932.2, -73.95, -0.34)
(288956.2, -73.95, -0.34)
(288980.1, -73.95, -0.34)
(289004.2, -73.95, -0.34)
(289028.2, -73.96, -0.34)
(289044.2, -73.96, -0.34)
(289068.2, -73.95, -0.34)
(289092.2, -73.95, -0.34)
(289116.1, -73.95, -0.34)
(289140.1, -73.95, -0.34)
(289164.1, -73.95, -0.34)
(289188.2, -73.95, -0.34)
(289212.2, -73.95, -0.34)
(289236.1, -73.95, -0.34)
(289260.1, -73.95, -0.34)
(289284.1, -73.95, -0.34)
(289308.1, -73.95, -0.34)
(289332.1, -73.95, -0.34)
(289356.1, -73.95, -0.34)
(289380.1, -73.95, -0.34)
(289404.2, -73.95, -0.34)
(289428.1, -73.95, -0.34)
(289452.1, -73.95, -0.34)
(289476.1, -73.95, -0.34)
(289500.1, -73.95, -0.34)
(289524.1, -73.95, -0.34)
(289548.1, -73.95, -0.34)
(289572.1, -73.95, -0.34)
(289596.2, -73.95, -0.34)
(289620.1, -73.95, -0.34)
(289644.1, -73.95, -0.34)
(289668.1, -73.94, -0.34)
(289692.1, -73.95, -0.34)
(289716.1, -73.95, -0.35)
(289740.1, -73.95, -0.35)
(289756.1, -73.95, -0.35)
(289780.1, -73.95, -0.35)
(289804.1, -73.95, -0.35)
(289828.1, -73.95, -0.35)
(289852.1, -73.95, -0.35)
(289876.2, -73.95, -0.35)
(289900.1, -73.95, -0.35)
(289924.1, -73.95, -0.35)
(289948.1, -73.95, -0.35)
(289972.1, -73.95, -0.35)
(289996.1, -73.95, -0.35)
(290020.1, -73.95, -0.35)
(290044.1, -73.94, -0.35)
(290068.1, -73.95, -0.35)
(290092.1, -73.94, -0.35)
(290116.1, -73.95, -0.35)
(290140.1, -73.95, -0.35)
(290164.1, -73.94, -0.35)
(290188.1, -73.95, -0.35)
(290212.1, -73.95, -0.35)
(290236.1, -73.95, -0.35)
(290260.1, -73.95, -0.36)
(290284.1, -73.95, -0.36)
(290308.1, -73.95, -0.36)
(290332.1, -73.95, -0.36)
(290356.1, -73.95, -0.36)
(290380.1, -73.95, -0.36)
(290404.1, -73.95, -0.36)
(290428.1, -73.95, -0.36)
(290452.1, -73.95, -0.36)
(290476.1, -73.95, -0.36)
(290500.1, -73.95, -0.36)
(290524.1, -73.96, -0.36)
(290548.1, -73.95, -0.36)
(290572.1, -73.95, -0.36)
(290596.1, -73.95, -0.36)
(290620.1, -73.95, -0.36)
(290644.1, -73.95, -0.36)
(290660.1, -73.95, -0.36)
(290684.1, -73.95, -0.36)
(290708.1, -73.95, -0.36)
(290732.1, -73.95, -0.36)
(290756.1, -73.95, -0.36)
(290780.1, -73.95, -0.36)
(290804.1, -73.95, -0.36)
(290828.1, -73.95, -0.36)
(290852.1, -73.95, -0.35)
(290876.1, -73.95, -0.35)
(290900.1, -73.95, -0.35)
(290916.1, -73.95, -0.35)
(290940.1, -73.95, -0.35)
(290964.1, -73.95, -0.35)
(290988.1, -73.95, -0.35)
(291012.1, -73.95, -0.35)
(291036.1, -73.95, -0.35)
(291060.1, -73.95, -0.35)
(291084.1, -73.95, -0.35)
(291108.1, -73.94, -0.35)
(291132.1, -73.94, -0.35)
(291156.1, -73.95, -0.35)
(291180.1, -73.94, -0.35)
(291204.1, -73.94, -0.35)
(291228.1, -73.95, -0.35)
(291252.1, -73.95, -0.35)
(291276.1, -73.95, -0.36)
(291300.1, -73.95, -0.36)
(291324.1, -73.95, -0.36)
(291348.1, -73.95, -0.36)
(291372.1, -73.95, -0.36)
(291396.1, -73.95, -0.36)
(291420.1, -73.95, -0.36)
(291444.1, -73.95, -0.36)
(291468.1, -73.95, -0.36)
(291492.1, -73.95, -0.36)
(291516.1, -73.95, -0.36)
(291540.1, -73.95, -0.36)
(291564.1, -73.95, -0.36)
(291588.1, -73.95, -0.36)
(291612.1, -73.95, -0.36)
(291636.1, -73.95, -0.36)
(291660.1, -73.96, -0.36)
(291684.0, -73.96, -0.36)
(291708.1, -73.95, -0.36)
(291732.1, -73.95, -0.36)
(291756.1, -73.96, -0.36)
(291780.1, -73.95, -0.36)
(291804.0, -73.95, -0.36)
(291828.0, -73.95, -0.36)
(291852.0, -73.95, -0.36)
(291876.0, -73.95, -0.36)
(291900.0, -73.95, -0.36)
(291924.0, -73.95, -0.36)
(291948.0, -73.95, -0.36)
(291972.1, -73.95, -0.36)
(291996.0, -73.94, -0.36)
(292020.0, -73.94, -0.36)
(292044.0, -73.94, -0.36)
(292068.0, -73.95, -0.36)
(292092.0, -73.95, -0.37)
(292116.0, -73.94, -0.37)
(292140.0, -73.95, -0.37)
(292164.1, -73.95, -0.36)
(292188.0, -73.94, -0.36)
(292212.0, -73.94, -0.36)
(292236.0, -73.95, -0.36)
(292260.0, -73.94, -0.36)
(292284.0, -73.94, -0.36)
(292308.0, -73.95, -0.36)
(292332.0, -73.94, -0.36)
(292356.1, -73.94, -0.36)
(292380.0, -73.94, -0.36)
(292404.0, -73.95, -0.36)
(292428.0, -73.95, -0.36)
(292452.0, -73.95, -0.36)
(292476.0, -73.95, -0.36)
(292500.0, -73.95, -0.36)
(292524.0, -73.95, -0.36)
(292548.1, -73.95, -0.36)
(292572.0, -73.95, -0.36)
(292596.0, -73.95, -0.36)
(292620.0, -73.95, -0.37)
(292644.0, -73.95, -0.37)
(292660.0, -73.95, -0.37)
(292684.0, -73.94, -0.37)
(292708.0, -73.94, -0.36)
(292732.0, -73.94, -0.37)
(292756.0, -73.94, -0.37)
(292780.0, -73.94, -0.37)
(292804.0, -73.94, -0.37)
(292828.0, -73.95, -0.37)
(292852.0, -73.95, -0.37)
(292876.0, -73.95, -0.37)
(292900.0, -73.95, -0.37)
(292916.0, -73.95, -0.37)
(292940.0, -73.95, -0.37)
(292964.0, -73.94, -0.37)
(292988.0, -73.94, -0.37)
(293004.0, -73.95, -0.37)
(293028.0, -73.95, -0.37)
(293052.0, -73.95, -0.37)
(293076.0, -73.95, -0.37)
(293100.0, -73.95, -0.37)
(293124.0, -73.95, -0.37)
(293148.0, -73.95, -0.37)
(293172.0, -73.96, -0.37)
(293196.0, -73.96, -0.37)
(293220.0, -73.96, -0.37)
(293244.0, -73.95, -0.37)
(293268.0, -73.95, -0.37)
(293292.0, -73.95, -0.37)
(293316.0, -73.96, -0.37)
(293340.0, -73.95, -0.37)
(293364.0, -73.95, -0.37)
(293388.0, -73.95, -0.37)
(293412.0, -73.95, -0.37)
(293436.0, -73.95, -0.37)
(293460.0, -73.95, -0.37)
(293484.0, -73.95, -0.37)
(293500.0, -73.95, -0.36)
(293524.0, -73.95, -0.36)
(293548.0, -73.95, -0.36)
(293572.0, -73.95, -0.36)
(293588.0, -73.95, -0.36)
(293612.0, -73.95, -0.36)
(293636.0, -73.95, -0.36)
(293660.0, -73.95, -0.36)
(293684.0, -73.95, -0.36)
(293700.0, -73.95, -0.36)
(293724.0, -73.95, -0.36)
(293748.0, -73.95, -0.36)
(293764.0, -73.95, -0.36)
(293788.0, -73.95, -0.36)
(293812.0, -73.95, -0.36)
(293828.0, -73.95, -0.36)
(293852.0, -73.95, -0.36)
(293876.0, -73.95, -0.36)
(293892.0, -73.95, -0.36)
(293916.0, -73.95, -0.36)
(293940.0, -73.96, -0.36)
(293964.0, -73.96, -0.36)
(293980.0, -73.96, -0.36)
(294004.0, -73.96, -0.36)
(294028.0, -73.96, -0.36)
(294052.0, -73.96, -0.36)
(294076.0, -73.96, -0.36)
(294100.0, -73.96, -0.36)
(294124.0, -73.96, -0.36)
(294148.0, -73.96, -0.36)
(294172.0, -73.97, -0.36)
(294196.0, -73.96, -0.36)
(294220.0, -73.96, -0.36)
(294244.0, -73.97, -0.36)
(294268.0, -73.97, -0.36)
(294291.9, -73.97, -0.36)
(294316.0, -73.97, -0.36)
(294339.9, -73.97, -0.36)
(294364.0, -73.97, -0.36)
(294387.9, -73.97, -0.36)
(294411.9, -73.97, -0.36)
(294435.9, -73.97, -0.36)
(294459.9, -73.97, -0.36)
(294483.9, -73.97, -0.36)
(294507.9, -73.97, -0.36)
(294531.9, -73.97, -0.36)
(294556.0, -73.97, -0.36)
(294579.9, -73.97, -0.36)
(294603.9, -73.97, -0.36)
(294627.9, -73.97, -0.36)
(294651.9, -73.97, -0.36)
(294675.9, -73.97, -0.36)
(294691.9, -73.97, -0.36)
(294715.9, -73.97, -0.36)
(294739.9, -73.97, -0.36)
(294763.9, -73.97, -0.36)
(294787.9, -73.97, -0.36)
(294811.9, -73.98, -0.36)
(294836.0, -73.97, -0.36)
(294859.9, -73.97, -0.36)
(294883.9, -73.97, -0.36)
(294907.9, -73.97, -0.36)
(294931.9, -73.97, -0.36)
(294955.9, -73.97, -0.36)
(294979.9, -73.97, -0.36)
(295003.9, -73.97, -0.36)
(295027.9, -73.97, -0.36)
(295051.9, -73.97, -0.36)
(295075.9, -73.97, -0.36)
(295099.9, -73.97, -0.36)
(295123.9, -73.97, -0.36)
(295147.9, -73.97, -0.36)
(295171.9, -73.97, -0.36)
(295195.9, -73.97, -0.36)
(295219.9, -73.97, -0.36)
(295243.9, -73.97, -0.36)
(295267.9, -73.97, -0.36)
(295291.9, -73.97, -0.36)
(295315.9, -73.97, -0.36)
(295339.9, -73.97, -0.36)
(295363.9, -73.97, -0.36)
(295387.9, -73.97, -0.36)
(295411.9, -73.97, -0.36)
(295435.9, -73.97, -0.36)
(295459.9, -73.97, -0.37)
(295483.9, -73.97, -0.37)
(295507.9, -73.97, -0.37)
(295531.9, -73.97, -0.36)
(295555.9, -73.96, -0.37)
(295579.9, -73.96, -0.37)
(295603.9, -73.96, -0.37)
(295627.9, -73.96, -0.37)
(295651.9, -73.96, -0.37)
(295675.9, -73.96, -0.37)
(295699.9, -73.96, -0.37)
(295723.9, -73.96, -0.37)
(295747.9, -73.96, -0.37)
(295771.9, -73.96, -0.38)
(295795.9, -73.96, -0.38)
(295819.9, -73.96, -0.38)
(295843.9, -73.96, -0.38)
(295867.9, -73.96, -0.37)
(295891.9, -73.96, -0.38)
(295915.9, -73.96, -0.38)
(295939.9, -73.96, -0.38)
(295963.9, -73.97, -0.38)
(295987.9, -73.97, -0.38)
(296011.9, -73.97, -0.38)
(296035.9, -73.96, -0.38)
(296059.9, -73.96, -0.38)
(296083.9, -73.96, -0.38)
(296107.9, -73.96, -0.38)
(296131.9, -73.96, -0.38)
(296155.9, -73.96, -0.38)
(296179.9, -73.96, -0.38)
(296203.9, -73.96, -0.38)
(296227.9, -73.96, -0.37)
(296251.9, -73.96, -0.38)
(296275.9, -73.96, -0.38)
(296299.9, -73.96, -0.38)
(296315.9, -73.96, -0.38)
(296339.9, -73.96, -0.38)
(296363.9, -73.96, -0.38)
(296379.9, -73.95, -0.37)
(296403.9, -73.95, -0.37)
(296427.9, -73.95, -0.37)
(296451.9, -73.95, -0.37)
(296475.9, -73.95, -0.37)
(296499.9, -73.95, -0.37)
(296523.9, -73.95, -0.37)
(296547.9, -73.96, -0.37)
(296571.9, -73.96, -0.38)
(296595.9, -73.96, -0.38)
(296619.9, -73.95, -0.38)
(296643.9, -73.96, -0.37)
(296667.9, -73.96, -0.37)
(296691.9, -73.96, -0.37)
(296715.9, -73.96, -0.37)
(296739.9, -73.95, -0.37)
(296763.9, -73.96, -0.37)
(296787.9, -73.96, -0.37)
(296811.9, -73.96, -0.38)
(296835.9, -73.95, -0.38)
(296851.9, -73.96, -0.38)
(296875.8, -73.96, -0.37)
(296891.9, -73.96, -0.37)
(296915.9, -73.96, -0.37)
(296939.9, -73.96, -0.37)
(296963.8, -73.96, -0.37)
(296987.8, -73.96, -0.37)
(297011.8, -73.96, -0.37)
(297035.8, -73.96, -0.37)
(297059.8, -73.96, -0.37)
(297083.8, -73.96, -0.37)
(297107.9, -73.97, -0.37)
(297131.8, -73.97, -0.37)
(297155.8, -73.97, -0.37)
(297179.8, -73.97, -0.37)
(297203.8, -73.97, -0.37)
(297227.8, -73.97, -0.37)
(297251.8, -73.97, -0.37)
(297267.8, -73.96, -0.38)
(297291.8, -73.96, -0.38)
(297315.8, -73.96, -0.38)
(297339.8, -73.97, -0.38)
(297363.8, -73.96, -0.38)
(297387.9, -73.97, -0.38)
(297411.8, -73.96, -0.38)
(297435.8, -73.96, -0.38)
(297459.8, -73.96, -0.38)
(297483.8, -73.96, -0.38)
(297507.8, -73.96, -0.37)
(297531.8, -73.96, -0.37)
(297547.8, -73.97, -0.37)
(297571.8, -73.96, -0.37)
(297595.8, -73.96, -0.37)
(297619.8, -73.97, -0.37)
(297643.8, -73.97, -0.37)
(297667.9, -73.97, -0.37)
(297691.8, -73.97, -0.37)
(297715.8, -73.97, -0.37)
(297739.8, -73.97, -0.37)
(297763.8, -73.96, -0.37)
(297787.8, -73.96, -0.37)
(297811.8, -73.96, -0.37)
(297835.8, -73.96, -0.37)
(297859.9, -73.96, -0.37)
(297883.8, -73.96, -0.37)
(297907.8, -73.96, -0.37)
(297931.8, -73.96, -0.36)
(297955.8, -73.96, -0.37)
(297979.8, -73.96, -0.37)
(297995.8, -73.96, -0.37)
(298019.8, -73.96, -0.36)
(298043.8, -73.96, -0.36)
(298067.8, -73.96, -0.36)
(298091.8, -73.96, -0.36)
(298115.8, -73.96, -0.36)
(298139.8, -73.96, -0.36)
(298163.8, -73.96, -0.36)
(298179.8, -73.96, -0.36)
(298203.8, -73.96, -0.36)
(298227.8, -73.96, -0.36)
(298251.8, -73.96, -0.36)
(298275.8, -73.96, -0.36)
(298299.8, -73.96, -0.36)
(298323.8, -73.96, -0.36)
(298339.8, -73.96, -0.36)
(298363.8, -73.96, -0.36)
(298387.8, -73.96, -0.36)
(298411.8, -73.96, -0.36)
(298435.8, -73.96, -0.36)
(298459.8, -73.96, -0.36)
(298483.8, -73.96, -0.36)
(298507.8, -73.96, -0.36)
(298531.8, -73.96, -0.36)
(298555.8, -73.96, -0.36)
(298579.8, -73.96, -0.36)
(298603.8, -73.96, -0.36)
(298627.8, -73.96, -0.36)
(298651.8, -73.96, -0.36)
(298675.8, -73.96, -0.36)
(298699.8, -73.96, -0.36)
(298723.8, -73.96, -0.36)
(298747.8, -73.96, -0.36)
(298771.8, -73.95, -0.36)
(298795.8, -73.95, -0.36)
(298819.8, -73.95, -0.36)
(298843.8, -73.95, -0.36)
(298867.8, -73.95, -0.36)
(298891.8, -73.95, -0.36)
(298915.8, -73.95, -0.36)
(298939.8, -73.95, -0.36)
(298963.8, -73.95, -0.37)
(298979.8, -73.95, -0.37)
(299003.8, -73.95, -0.37)
(299027.8, -73.95, -0.37)
(299051.8, -73.95, -0.37)
(299075.8, -73.95, -0.37)
(299099.8, -73.95, -0.36)
(299123.8, -73.95, -0.37)
(299147.8, -73.95, -0.37)
(299171.8, -73.94, -0.36)
(299195.8, -73.94, -0.36)
(299219.8, -73.94, -0.36)
(299243.8, -73.94, -0.37)
(299267.8, -73.94, -0.36)
(299291.8, -73.94, -0.36)
(299315.8, -73.94, -0.37)
(299339.8, -73.94, -0.37)
(299363.8, -73.94, -0.37)
(299387.8, -73.94, -0.37)
(299411.8, -73.94, -0.37)
(299435.8, -73.94, -0.37)
(299459.8, -73.94, -0.37)
(299475.8, -73.94, -0.37)
(299499.8, -73.94, -0.37)
(299515.7, -73.94, -0.37)
(299539.8, -73.94, -0.37)
(299563.8, -73.94, -0.37)
(299579.7, -73.94, -0.37)
(299603.7, -73.94, -0.37)
(299627.7, -73.94, -0.37)
(299651.7, -73.94, -0.37)
(299675.7, -73.95, -0.37)
(299699.7, -73.95, -0.37)
(299723.7, -73.95, -0.37)
(299739.7, -73.95, -0.37)
(299763.7, -73.95, -0.37)
(299787.7, -73.95, -0.37)
(299811.7, -73.95, -0.37)
(299835.7, -73.95, -0.37)
(299859.7, -73.95, -0.37)
(299883.7, -73.95, -0.37)
(299907.7, -73.95, -0.37)
(299931.7, -73.95, -0.37)
(299955.7, -73.95, -0.37)
(299979.7, -73.95, -0.37)
(300003.7, -73.95, -0.37)
(300027.7, -73.95, -0.36)
(300051.7, -73.95, -0.37)
(300075.7, -73.95, -0.37)
(300099.7, -73.95, -0.37)
(300123.7, -73.95, -0.37)
(300147.7, -73.95, -0.37)
(300171.7, -73.95, -0.37)
(300195.7, -73.95, -0.37)
(300219.7, -73.95, -0.37)
(300243.7, -73.95, -0.37)
(300267.7, -73.95, -0.37)
(300291.7, -73.95, -0.37)
(300315.7, -73.95, -0.37)
(300339.7, -73.95, -0.37)
(300363.7, -73.95, -0.37)
(300387.7, -73.95, -0.37)
(300411.7, -73.95, -0.37)
(300435.7, -73.95, -0.38)
(300459.7, -73.95, -0.38)
(300483.7, -73.95, -0.38)
(300507.7, -73.95, -0.37)
(300531.7, -73.95, -0.37)
(300555.7, -73.95, -0.37)
(300579.7, -73.95, -0.37)
(300603.7, -73.95, -0.37)
(300627.7, -73.95, -0.37)
(300651.7, -73.95, -0.38)
(300675.7, -73.95, -0.38)
(300699.7, -73.95, -0.37)
(300723.7, -73.95, -0.37)
(300747.7, -73.95, -0.37)
(300771.7, -73.95, -0.38)
(300795.7, -73.95, -0.38)
(300819.7, -73.95, -0.38)
(300843.7, -73.96, -0.38)
(300867.7, -73.96, -0.38)
(300883.7, -73.96, -0.38)
(300907.7, -73.96, -0.38)
(300931.7, -73.96, -0.38)
(300955.7, -73.96, -0.38)
(300971.7, -73.95, -0.38)
(300995.7, -73.96, -0.38)
(301019.7, -73.96, -0.38)
(301043.7, -73.96, -0.38)
(301067.7, -73.96, -0.38)
(301091.7, -73.96, -0.38)
(301115.7, -73.96, -0.38)
(301139.7, -73.96, -0.38)
(301163.7, -73.96, -0.38)
(301187.7, -73.96, -0.38)
(301211.7, -73.96, -0.38)
(301235.7, -73.96, -0.38)
(301259.7, -73.96, -0.38)
(301283.7, -73.96, -0.38)
(301307.7, -73.96, -0.38)
(301331.7, -73.96, -0.38)
(301355.7, -73.96, -0.38)
(301379.7, -73.96, -0.38)
(301395.7, -73.96, -0.38)
(301419.7, -73.96, -0.38)
(301443.7, -73.96, -0.38)
(301467.7, -73.96, -0.38)
(301491.7, -73.96, -0.38)
(301515.7, -73.96, -0.38)
(301539.7, -73.96, -0.38)
(301563.7, -73.96, -0.38)
(301587.7, -73.96, -0.38)
(301603.7, -73.96, -0.38)
(301627.7, -73.96, -0.38)
(301651.7, -73.96, -0.38)
(301675.7, -73.96, -0.38)
(301699.7, -73.96, -0.38)
(301723.7, -73.96, -0.38)
(301747.7, -73.96, -0.38)
(301771.7, -73.97, -0.38)
(301795.7, -73.96, -0.38)
(301819.7, -73.96, -0.38)
(301843.7, -73.96, -0.38)
(301867.7, -73.96, -0.38)
(301891.7, -73.96, -0.38)
(301915.7, -73.96, -0.38)
(301939.6, -73.97, -0.38)
(301963.7, -73.96, -0.38)
(301987.7, -73.97, -0.38)
(302011.7, -73.97, -0.38)
(302035.7, -73.96, -0.38)
(302059.6, -73.97, -0.38)
(302083.6, -73.97, -0.38)
(302107.7, -73.97, -0.38)
(302131.6, -73.97, -0.38)
(302155.6, -73.97, -0.38)
(302179.6, -73.97, -0.38)
(302203.6, -73.97, -0.38)
(302227.6, -73.97, -0.38)
(302251.6, -73.97, -0.37)
(302275.6, -73.97, -0.37)
(302299.7, -73.97, -0.37)
(302323.6, -73.97, -0.37)
(302347.6, -73.97, -0.37)
(302371.6, -73.97, -0.37)
(302395.6, -73.97, -0.37)
(302419.6, -73.97, -0.37)
(302443.6, -73.97, -0.37)
(302467.6, -73.97, -0.37)
(302491.7, -73.97, -0.37)
(302515.6, -73.97, -0.37)
(302539.6, -73.97, -0.37)
(302563.6, -73.97, -0.37)
(302587.6, -73.97, -0.37)
(302611.6, -73.97, -0.37)
(302635.6, -73.97, -0.37)
(302651.6, -73.97, -0.37)
(302675.6, -73.97, -0.37)
(302699.6, -73.97, -0.37)
(302723.6, -73.97, -0.37)
(302747.6, -73.97, -0.37)
(302771.7, -73.97, -0.36)
(302795.6, -73.97, -0.36)
(302819.6, -73.97, -0.36)
(302843.6, -73.97, -0.37)
(302867.6, -73.97, -0.36)
(302891.6, -73.97, -0.37)
(302915.6, -73.97, -0.37)
(302939.6, -73.97, -0.36)
(302963.7, -73.97, -0.36)
(302987.6, -73.97, -0.36)
(303011.6, -73.97, -0.36)
(303035.6, -73.97, -0.36)
(303059.6, -73.97, -0.36)
(303083.6, -73.97, -0.37)
(303107.6, -73.97, -0.37)
(303131.6, -73.97, -0.36)
(303155.6, -73.97, -0.37)
(303179.6, -73.97, -0.37)
(303203.6, -73.97, -0.36)
(303227.6, -73.97, -0.36)
(303251.6, -73.97, -0.37)
(303275.6, -73.97, -0.37)
(303299.6, -73.97, -0.36)
(303323.6, -73.97, -0.36)
(303347.6, -73.97, -0.36)
(303371.6, -73.97, -0.36)
(303395.6, -73.97, -0.37)
(303419.6, -73.97, -0.37)
(303443.6, -73.97, -0.37)
(303467.6, -73.98, -0.37)
(303491.6, -73.97, -0.37)
(303515.6, -73.97, -0.37)
(303539.6, -73.97, -0.37)
(303563.6, -73.97, -0.37)
(303587.6, -73.97, -0.37)
(303611.6, -73.97, -0.37)
(303635.6, -73.97, -0.37)
(303659.6, -73.97, -0.37)
(303683.6, -73.97, -0.37)
(303707.6, -73.97, -0.37)
(303723.6, -73.97, -0.37)
(303747.6, -73.97, -0.37)
(303771.6, -73.97, -0.37)
(303795.6, -73.97, -0.37)
(303819.6, -73.97, -0.37)
(303843.6, -73.97, -0.37)
(303867.6, -73.97, -0.37)
(303891.6, -73.97, -0.37)
(303915.6, -73.97, -0.37)
(303931.6, -73.97, -0.37)
(303955.6, -73.97, -0.37)
(303979.6, -73.97, -0.37)
(304003.6, -73.96, -0.37)
(304027.6, -73.96, -0.37)
(304051.6, -73.96, -0.37)
(304075.6, -73.97, -0.37)
(304091.6, -73.97, -0.37)
(304115.6, -73.96, -0.37)
(304139.6, -73.96, -0.37)
(304163.6, -73.96, -0.37)
(304187.6, -73.96, -0.37)
(304211.6, -73.97, -0.37)
(304235.6, -73.96, -0.37)
(304259.6, -73.97, -0.37)
(304283.6, -73.97, -0.37)
(304307.6, -73.97, -0.37)
(304331.6, -73.96, -0.37)
(304355.6, -73.96, -0.37)
(304379.6, -73.96, -0.37)
(304403.6, -73.96, -0.37)
(304427.6, -73.96, -0.37)
(304451.6, -73.96, -0.37)
(304475.6, -73.96, -0.37)
(304499.6, -73.96, -0.37)
(304523.6, -73.96, -0.37)
(304547.6, -73.97, -0.37)
(304571.6, -73.97, -0.37)
(304595.5, -73.97, -0.37)
(304619.6, -73.97, -0.36)
(304643.6, -73.97, -0.36)
(304667.6, -73.97, -0.36)
(304691.5, -73.97, -0.36)
(304715.6, -73.97, -0.36)
(304739.5, -73.97, -0.36)
(304763.5, -73.97, -0.36)
(304787.5, -73.97, -0.36)
(304811.5, -73.98, -0.36)
(304835.6, -73.98, -0.36)
(304859.5, -73.97, -0.36)
(304883.5, -73.98, -0.36)
(304907.5, -73.98, -0.36)
(304931.5, -73.98, -0.36)
(304955.5, -73.97, -0.36)
(304979.5, -73.97, -0.36)
(305003.5, -73.97, -0.36)
(305027.5, -73.98, -0.36)
(305051.5, -73.98, -0.36)
(305075.5, -73.98, -0.36)
(305099.5, -73.97, -0.36)
(305123.5, -73.98, -0.36)
(305139.5, -73.98, -0.36)
(305163.5, -73.98, -0.36)
(305187.5, -73.98, -0.36)
(305203.5, -73.98, -0.36)
(305227.5, -73.98, -0.36)
(305251.5, -73.98, -0.36)
(305275.5, -73.98, -0.36)
(305291.5, -73.98, -0.36)
(305315.5, -73.98, -0.36)
(305339.5, -73.98, -0.37)
(305363.5, -73.98, -0.37)
(305387.5, -73.98, -0.37)
(305411.5, -73.98, -0.36)
(305435.5, -73.98, -0.37)
(305459.5, -73.98, -0.36)
(305483.5, -73.98, -0.37)
(305507.5, -73.98, -0.36)
(305531.5, -73.98, -0.36)
(305547.5, -73.98, -0.36)
(305571.5, -73.98, -0.36)
(305595.5, -73.98, -0.37)
(305619.5, -73.98, -0.37)
(305635.5, -73.98, -0.37)
(305659.5, -73.98, -0.37)
(305683.5, -73.98, -0.37)
(305707.5, -73.98, -0.37)
(305731.5, -73.98, -0.37)
(305755.5, -73.98, -0.37)
(305779.5, -73.98, -0.37)
(305803.5, -73.98, -0.37)
(305827.5, -73.98, -0.37)
(305843.5, -73.98, -0.37)
(305867.5, -73.98, -0.37)
(305891.5, -73.99, -0.37)
(305915.5, -73.99, -0.37)
(305939.5, -73.98, -0.37)
(305963.5, -73.99, -0.37)
(305987.5, -73.99, -0.37)
(306011.5, -73.99, -0.37)
(306035.5, -73.99, -0.37)
(306059.5, -73.99, -0.37)
(306083.5, -73.99, -0.37)
(306099.5, -74.0, -0.37)
(306123.5, -74.0, -0.37)
(306147.5, -74.0, -0.37)
(306171.5, -74.0, -0.37)
(306195.5, -74.0, -0.37)
(306219.5, -74.0, -0.37)
(306243.5, -74.0, -0.37)
(306267.5, -74.0, -0.37)
(306291.5, -73.99, -0.37)
(306315.5, -73.99, -0.37)
(306339.5, -73.99, -0.37)
(306363.5, -73.99, -0.37)
(306387.5, -73.99, -0.37)
(306411.5, -73.99, -0.37)
(306435.5, -73.99, -0.37)
(306459.5, -73.99, -0.37)
(306483.5, -73.99, -0.37)
(306507.5, -73.99, -0.37)
(306531.5, -73.99, -0.38)
(306555.5, -73.99, -0.38)
(306579.5, -73.99, -0.38)
(306603.5, -73.99, -0.38)
(306627.5, -73.99, -0.38)
(306651.5, -73.99, -0.38)
(306675.5, -73.98, -0.37)
(306699.5, -73.99, -0.37)
(306723.5, -73.99, -0.37)
(306747.5, -73.99, -0.37)
(306771.5, -73.99, -0.37)
(306795.5, -73.99, -0.37)
(306819.5, -73.99, -0.37)
(306843.5, -73.99, -0.37)
(306867.5, -73.99, -0.37)
(306891.5, -73.99, -0.38)
(306915.5, -73.99, -0.38)
(306939.5, -73.99, -0.38)
(306963.5, -73.99, -0.38)
(306987.5, -73.99, -0.37)
(307011.5, -73.99, -0.38)
(307035.5, -73.99, -0.38)
(307051.5, -73.99, -0.38)
(307075.5, -73.99, -0.38)
(307091.5, -73.99, -0.38)
(307115.5, -73.99, -0.38)
(307139.5, -73.99, -0.38)
(307163.5, -73.99, -0.38)
(307187.5, -73.99, -0.37)
(307211.5, -73.99, -0.37)
(307235.5, -73.99, -0.37)
(307259.5, -73.98, -0.37)
(307283.5, -73.99, -0.37)
(307307.4, -73.99, -0.37)
(307331.4, -73.99, -0.37)
(307355.4, -73.99, -0.37)
(307379.4, -73.99, -0.37)
(307403.5, -73.99, -0.37)
(307427.4, -73.99, -0.37)
(307451.4, -73.99, -0.37)
(307475.4, -73.99, -0.37)
(307499.4, -73.99, -0.37)
(307523.4, -73.99, -0.37)
(307547.4, -73.99, -0.37)
(307571.4, -73.99, -0.37)
(307595.5, -73.99, -0.37)
(307619.4, -73.98, -0.37)
(307643.4, -73.98, -0.37)
(307667.4, -73.98, -0.37)
(307691.4, -73.98, -0.37)
(307707.4, -73.98, -0.37)
(307731.4, -73.98, -0.37)
(307755.4, -73.98, -0.37)
(307779.4, -73.98, -0.37)
(307803.4, -73.98, -0.37)
(307827.4, -73.98, -0.37)
(307851.4, -73.98, -0.37)
(307875.4, -73.98, -0.37)
(307899.4, -73.98, -0.37)
(307923.4, -73.98, -0.36)
(307947.4, -73.98, -0.36)
(307971.4, -73.98, -0.36)
(307995.4, -73.98, -0.36)
(308019.4, -73.99, -0.37)
(308043.4, -73.98, -0.37)
(308067.5, -73.98, -0.37)
(308091.4, -73.98, -0.37)
(308115.4, -73.98, -0.36)
(308131.4, -73.98, -0.36)
(308155.4, -73.98, -0.36)
(308179.4, -73.98, -0.36)
(308203.4, -73.98, -0.36)
(308227.4, -73.98, -0.36)
(308251.4, -73.98, -0.36)
(308275.4, -73.98, -0.36)
(308299.4, -73.99, -0.36)
(308323.4, -73.99, -0.36)
(308347.4, -73.99, -0.36)
(308371.4, -73.99, -0.36)
(308395.4, -73.99, -0.36)
(308419.4, -73.99, -0.36)
(308443.4, -73.99, -0.36)
(308467.4, -73.99, -0.36)
(308491.4, -73.99, -0.36)
(308515.4, -73.99, -0.36)
(308539.4, -73.99, -0.36)
(308563.4, -73.99, -0.36)
(308587.4, -73.98, -0.36)
(308611.4, -73.98, -0.35)
(308635.4, -73.98, -0.35)
(308651.4, -73.98, -0.35)
(308675.4, -73.98, -0.35)
(308699.4, -73.98, -0.35)
(308723.4, -73.98, -0.35)
(308747.4, -73.98, -0.35)
(308771.4, -73.98, -0.35)
(308795.4, -73.98, -0.35)
(308819.4, -73.98, -0.35)
(308843.4, -73.98, -0.35)
(308867.4, -73.98, -0.35)
(308891.4, -73.98, -0.35)
(308915.4, -73.98, -0.34)
(308939.4, -73.98, -0.34)
(308963.4, -73.98, -0.34)
(308987.4, -73.98, -0.34)
(309011.4, -73.98, -0.34)
(309035.4, -73.98, -0.35)
(309059.4, -73.98, -0.35)
(309083.4, -73.98, -0.35)
(309107.4, -73.98, -0.34)
(309131.4, -73.97, -0.34)
(309155.4, -73.97, -0.34)
(309179.4, -73.97, -0.34)
(309203.4, -73.97, -0.34)
(309227.4, -73.97, -0.34)
(309243.4, -73.97, -0.34)
(309267.4, -73.97, -0.34)
(309291.4, -73.98, -0.34)
(309315.4, -73.98, -0.34)
(309339.4, -73.98, -0.34)
(309363.4, -73.98, -0.34)
(309387.4, -73.98, -0.34)
(309411.4, -73.98, -0.34)
(309427.4, -73.97, -0.34)
(309451.4, -73.98, -0.34)
(309475.4, -73.98, -0.34)
(309499.4, -73.98, -0.34)
(309515.4, -73.98, -0.34)
(309539.4, -73.98, -0.34)
(309563.4, -73.98, -0.34)
(309587.4, -73.98, -0.34)
(309611.4, -73.98, -0.34)
(309627.4, -73.98, -0.34)
(309651.4, -73.98, -0.34)
(309675.4, -73.98, -0.34)
(309699.4, -73.98, -0.34)
(309723.4, -73.98, -0.34)
(309747.4, -73.98, -0.34)
(309771.4, -73.98, -0.34)
(309795.4, -73.98, -0.34)
(309819.4, -73.98, -0.34)
(309843.4, -73.98, -0.34)
(309867.4, -73.99, -0.34)
(309891.3, -73.98, -0.34)
(309915.3, -73.98, -0.34)
(309939.3, -73.98, -0.34)
(309963.3, -73.98, -0.34)
(309987.3, -73.98, -0.34)
(310011.3, -73.98, -0.34)
(310035.3, -73.98, -0.34)
(310059.4, -73.98, -0.34)
(310083.3, -73.98, -0.34)
(310107.3, -73.98, -0.34)
(310123.3, -73.98, -0.34)
(310147.3, -73.98, -0.34)
(310171.3, -73.98, -0.34)
(310195.3, -73.98, -0.34)
(310219.3, -73.98, -0.34)
(310243.3, -73.98, -0.34)
(310267.4, -73.98, -0.34)
(310291.3, -73.98, -0.34)
(310315.3, -73.98, -0.34)
(310339.3, -73.98, -0.34)
(310363.3, -73.98, -0.35)
(310387.3, -73.98, -0.35)
(310411.3, -73.98, -0.34)
(310435.3, -73.98, -0.34)
(310459.3, -73.98, -0.34)
(310483.3, -73.98, -0.35)
(310507.3, -73.98, -0.35)
(310531.3, -73.98, -0.35)
(310555.3, -73.98, -0.35)
(310579.3, -73.98, -0.35)
(310603.3, -73.98, -0.35)
(310627.3, -73.98, -0.35)
(310651.3, -73.98, -0.35)
(310675.3, -73.98, -0.35)
(310699.3, -73.98, -0.34)
(310723.3, -73.98, -0.34)
(310747.3, -73.98, -0.34)
(310771.3, -73.98, -0.35)
(310795.3, -73.98, -0.35)
(310819.3, -73.98, -0.35)
(310843.3, -73.98, -0.35)
(310867.3, -73.98, -0.35)
(310891.3, -73.98, -0.35)
(310915.3, -73.98, -0.35)
(310939.3, -73.98, -0.35)
(310963.3, -73.98, -0.35)
(310979.3, -73.98, -0.35)
(311003.3, -73.98, -0.35)
(311027.3, -73.98, -0.35)
(311051.3, -73.98, -0.35)
(311075.3, -73.98, -0.35)
(311091.3, -73.97, -0.35)
(311115.3, -73.97, -0.35)
(311139.3, -73.97, -0.35)
(311163.3, -73.97, -0.35)
(311187.3, -73.97, -0.35)
(311211.3, -73.97, -0.35)
(311235.3, -73.97, -0.35)
(311259.3, -73.97, -0.35)
(311283.3, -73.97, -0.36)
(311307.3, -73.98, -0.36)
(311331.3, -73.97, -0.35)
(311355.3, -73.97, -0.35)
(311379.3, -73.97, -0.35)
(311403.3, -73.97, -0.35)
(311427.3, -73.97, -0.35)
(311451.3, -73.97, -0.35)
(311475.3, -73.97, -0.35)
(311499.3, -73.97, -0.35)
(311523.3, -73.97, -0.35)
(311547.3, -73.97, -0.35)
(311571.3, -73.97, -0.35)
(311595.3, -73.97, -0.35)
(311619.3, -73.98, -0.35)
(311643.3, -73.97, -0.35)
(311667.3, -73.98, -0.35)
(311691.3, -73.97, -0.35)
(311715.3, -73.97, -0.35)
(311739.3, -73.98, -0.35)
(311763.3, -73.98, -0.35)
(311787.3, -73.98, -0.35)
(311811.3, -73.98, -0.35)
(311835.3, -73.98, -0.35)
(311859.3, -73.98, -0.35)
(311883.3, -73.98, -0.35)
(311907.3, -73.98, -0.35)
(311931.3, -73.98, -0.35)
(311955.3, -73.98, -0.36)
(311979.3, -73.98, -0.36)
(312003.3, -73.98, -0.36)
(312027.3, -73.98, -0.36)
(312051.3, -73.98, -0.36)
(312075.3, -73.98, -0.36)
(312099.3, -73.98, -0.36)
(312123.3, -73.98, -0.36)
(312147.3, -73.98, -0.36)
(312171.3, -73.98, -0.36)
(312195.3, -73.98, -0.36)
(312219.3, -73.99, -0.36)
(312243.3, -73.99, -0.36)
(312267.3, -73.99, -0.36)
(312291.3, -73.99, -0.36)
(312307.3, -73.99, -0.37)
(312331.3, -73.99, -0.36)
(312355.3, -73.99, -0.36)
(312379.3, -73.99, -0.36)
(312403.3, -73.99, -0.36)
(312427.2, -73.99, -0.36)
(312443.3, -73.99, -0.36)
(312467.3, -73.99, -0.36)
(312491.2, -74.0, -0.36)
(312515.2, -74.0, -0.36)
(312539.3, -74.0, -0.36)
(312563.2, -74.0, -0.36)
(312587.2, -73.99, -0.36)
(312611.2, -73.99, -0.36)
(312635.2, -73.99, -0.36)
(312659.2, -73.99, -0.36)
(312683.2, -73.99, -0.36)
(312707.2, -73.99, -0.36)
(312731.3, -73.99, -0.36)
(312755.2, -73.99, -0.36)
(312779.2, -73.99, -0.36)
(312803.2, -73.99, -0.36)
(312827.2, -73.99, -0.36)
(312851.2, -73.99, -0.36)
(312875.2, -73.99, -0.36)
(312899.2, -73.99, -0.36)
(312923.3, -73.99, -0.36)
(312947.2, -73.99, -0.36)
(312971.2, -73.99, -0.36)
(312995.2, -73.99, -0.36)
(313019.2, -73.99, -0.36)
(313043.2, -73.99, -0.35)
(313067.2, -73.99, -0.35)
(313091.2, -73.99, -0.35)
(313115.2, -73.99, -0.35)
(313139.2, -73.99, -0.36)
(313163.2, -73.99, -0.35)
(313187.3, -73.99, -0.35)
(313211.2, -73.99, -0.35)
(313235.2, -73.99, -0.35)
(313259.2, -73.99, -0.35)
(313275.2, -73.99, -0.35)
(313299.2, -73.99, -0.35)
(313323.2, -73.99, -0.35)
(313347.2, -73.99, -0.35)
(313371.2, -73.99, -0.36)
(313395.2, -73.98, -0.36)
(313419.2, -73.98, -0.36)
(313443.2, -73.98, -0.36)
(313467.2, -73.98, -0.36)
(313491.2, -73.98, -0.36)
(313515.2, -73.98, -0.36)
(313539.2, -73.98, -0.36)
(313555.2, -73.98, -0.36)
(313579.2, -73.98, -0.36)
(313603.2, -73.98, -0.36)
(313627.2, -73.98, -0.36)
(313651.2, -73.98, -0.36)
(313667.2, -73.98, -0.36)
(313691.2, -73.98, -0.36)
(313715.2, -73.98, -0.35)
(313739.2, -73.98, -0.35)
(313763.3, -73.98, -0.35)
(313787.2, -73.98, -0.35)
(313811.2, -73.98, -0.35)
(313835.2, -73.98, -0.36)
(313859.2, -73.98, -0.35)
(313883.2, -73.98, -0.36)
(313907.2, -73.99, -0.36)
(313931.2, -73.99, -0.35)
(313955.2, -73.98, -0.35)
(313979.2, -73.99, -0.35)
(314003.2, -73.99, -0.36)
(314027.2, -73.98, -0.36)
(314051.2, -73.98, -0.36)
(314075.2, -73.98, -0.35)
(314099.2, -73.98, -0.35)
(314123.2, -73.98, -0.36)
(314147.3, -73.98, -0.36)
(314171.2, -73.98, -0.36)
(314195.2, -73.98, -0.36)
(314219.2, -73.98, -0.36)
(314243.2, -73.98, -0.36)
(314267.2, -73.98, -0.36)
(314291.2, -73.98, -0.36)
(314315.2, -73.98, -0.36)
(314339.3, -73.98, -0.36)
(314363.2, -73.98, -0.36)
(314387.2, -73.98, -0.35)
(314411.2, -73.99, -0.35)
(314435.2, -73.98, -0.35)
(314459.2, -73.98, -0.35)
(314483.2, -73.98, -0.35)
(314507.2, -73.98, -0.35)
(314531.2, -73.99, -0.35)
(314555.2, -73.99, -0.35)
(314579.2, -73.99, -0.35)
(314603.2, -73.99, -0.35)
(314627.2, -73.99, -0.35)
(314651.2, -73.99, -0.35)
(314675.2, -73.99, -0.35)
(314691.2, -73.99, -0.35)
(314715.2, -73.99, -0.35)
(314739.2, -73.99, -0.35)
(314763.2, -73.99, -0.35)
(314787.2, -73.99, -0.35)
(314811.2, -73.99, -0.35)
(314835.2, -73.99, -0.35)
(314859.2, -73.99, -0.35)
(314883.2, -74.0, -0.35)
(314907.2, -74.0, -0.35)
(314931.2, -74.0, -0.35)
(314955.2, -73.99, -0.35)
(314979.1, -74.0, -0.35)
(315003.2, -74.0, -0.35)
(315027.1, -74.0, -0.35)
(315051.2, -74.0, -0.35)
(315075.2, -74.0, -0.35)
(315099.1, -73.99, -0.35)
(315123.1, -74.0, -0.35)
(315147.1, -74.0, -0.35)
(315171.1, -73.99, -0.35)
(315195.1, -73.99, -0.35)
(315219.1, -73.99, -0.35)
(315243.1, -73.99, -0.35)
(315267.2, -73.99, -0.35)
(315291.1, -73.99, -0.35)
(315315.1, -73.99, -0.35)
(315339.1, -74.0, -0.35)
(315363.1, -74.0, -0.35)
(315387.1, -74.0, -0.35)
(315411.1, -73.99, -0.35)
(315435.1, -74.0, -0.35)
(315459.2, -74.0, -0.35)
(315483.1, -74.0, -0.35)
(315507.1, -74.0, -0.35)
(315531.1, -74.0, -0.35)
(315555.1, -74.0, -0.35)
(315579.1, -74.0, -0.35)
(315603.1, -74.0, -0.35)
(315627.1, -74.0, -0.35)
(315651.2, -74.0, -0.35)
(315675.1, -74.0, -0.35)
(315699.2, -74.0, -0.35)
(315723.1, -74.0, -0.35)
(315747.1, -74.0, -0.35)
(315771.1, -74.0, -0.35)
(315795.1, -74.0, -0.35)
(315819.1, -74.01, -0.35)
(315843.2, -74.0, -0.35)
(315867.1, -74.01, -0.35)
(315891.1, -74.0, -0.35)
(315915.1, -74.01, -0.35)
(315939.1, -74.01, -0.35)
(315963.1, -74.0, -0.35)
(315987.2, -74.01, -0.35)
(316011.1, -74.01, -0.35)
(316035.1, -74.01, -0.35)
(316059.1, -74.01, -0.35)
(316083.2, -74.0, -0.35)
(316107.2, -74.01, -0.36)
(316131.1, -74.01, -0.36)
(316155.1, -74.0, -0.36)
(316179.1, -74.0, -0.36)
(316203.1, -74.01, -0.36)
(316227.1, -74.01, -0.36)
(316251.2, -74.01, -0.36)
(316275.1, -74.01, -0.36)
(316299.2, -74.01, -0.36)
(316323.2, -74.01, -0.36)
(316347.1, -74.01, -0.36)
(316371.1, -74.01, -0.36)
(316395.1, -74.01, -0.36)
(316419.1, -74.01, -0.36)
(316443.1, -74.01, -0.36)
(316467.2, -74.01, -0.36)
(316491.2, -74.02, -0.36)
(316515.1, -74.01, -0.36)
(316539.1, -74.01, -0.36)
(316563.1, -74.01, -0.36)
(316587.1, -74.02, -0.36)
(316611.1, -74.02, -0.36)
(316635.1, -74.02, -0.36)
(316659.1, -74.02, -0.36)
(316683.2, -74.02, -0.36)
(316707.1, -74.02, -0.36)
(316731.1, -74.02, -0.36)
(316755.1, -74.01, -0.36)
(316779.1, -74.02, -0.36)
(316803.1, -74.02, -0.36)
(316827.1, -74.02, -0.36)
(316851.1, -74.02, -0.36)
(316875.1, -74.02, -0.36)
(316899.1, -74.02, -0.36)
(316923.1, -74.02, -0.36)
(316947.1, -74.03, -0.36)
(316971.1, -74.02, -0.36)
(316995.1, -74.02, -0.36)
(317019.1, -74.02, -0.36)
(317043.1, -74.02, -0.36)
(317067.2, -74.02, -0.36)
(317083.1, -74.02, -0.36)
(317107.1, -74.02, -0.36)
(317131.1, -74.02, -0.36)
(317155.1, -74.03, -0.36)
(317179.1, -74.03, -0.36)
(317203.1, -74.03, -0.36)
(317227.1, -74.03, -0.36)
(317251.1, -74.02, -0.36)
(317275.1, -74.02, -0.36)
(317299.1, -74.02, -0.36)
(317323.1, -74.03, -0.36)
(317347.1, -74.03, -0.36)
(317371.1, -74.03, -0.36)
(317395.1, -74.03, -0.36)
(317419.1, -74.03, -0.36)
(317443.1, -74.03, -0.36)
(317467.1, -74.03, -0.36)
(317491.1, -74.03, -0.36)
(317515.1, -74.03, -0.36)
(317539.1, -74.03, -0.36)
(317563.1, -74.03, -0.36)
(317587.1, -74.03, -0.36)
(317611.1, -74.03, -0.36)
(317627.1, -74.03, -0.36)
(317651.1, -74.03, -0.36)
(317675.0, -74.03, -0.36)
(317699.1, -74.03, -0.36)
(317723.1, -74.03, -0.36)
(317747.1, -74.03, -0.36)
(317771.1, -74.03, -0.36)
(317795.0, -74.03, -0.36)
(317819.1, -74.03, -0.36)
(317843.1, -74.03, -0.36)
(317867.1, -74.03, -0.36)
(317891.1, -74.02, -0.36)
(317915.0, -74.02, -0.36)
(317939.1, -74.02, -0.36)
(317963.1, -74.02, -0.36)
(317987.1, -74.02, -0.36)
(318011.1, -74.02, -0.36)
(318035.0, -74.02, -0.36)
(318059.1, -74.02, -0.37)
(318083.1, -74.02, -0.37)
(318107.1, -74.02, -0.37)
(318131.1, -74.02, -0.37)
(318155.0, -74.02, -0.37)
(318171.1, -74.02, -0.37)
(318195.0, -74.02, -0.37)
(318219.1, -74.02, -0.37)
(318243.1, -74.02, -0.37)
(318267.1, -74.02, -0.37)
(318291.1, -74.02, -0.37)
(318315.0, -74.02, -0.37)
(318339.1, -74.02, -0.37)
(318355.0, -74.02, -0.37)
(318379.1, -74.02, -0.37)
(318403.1, -74.02, -0.37)
(318427.1, -74.02, -0.37)
(318451.1, -74.02, -0.37)
(318475.0, -74.02, -0.37)
(318499.1, -74.02, -0.37)
(318515.0, -74.02, -0.37)
(318539.1, -74.02, -0.37)
(318563.1, -74.02, -0.37)
(318587.1, -74.02, -0.37)
(318603.1, -74.01, -0.37)
(318627.1, -74.02, -0.37)
(318651.1, -74.02, -0.37)
(318675.0, -74.01, -0.37)
(318699.1, -74.01, -0.37)
(318723.1, -74.01, -0.36)
(318747.1, -74.01, -0.36)
(318771.1, -74.01, -0.36)
(318795.0, -74.01, -0.36)
(318819.1, -74.01, -0.37)
(318843.1, -74.01, -0.36)
(318867.1, -74.01, -0.37)
(318891.0, -74.01, -0.37)
(318915.0, -74.01, -0.37)
(318939.1, -74.01, -0.37)
(318963.1, -74.01, -0.37)
(318987.0, -74.01, -0.37)
(319011.0, -74.01, -0.37)
(319035.0, -74.01, -0.37)
(319059.1, -74.01, -0.37)
(319083.0, -74.01, -0.37)
(319107.0, -74.01, -0.37)
(319131.1, -74.01, -0.37)
(319155.0, -74.01, -0.37)
(319179.0, -74.01, -0.36)
(319203.0, -74.01, -0.37)
(319227.0, -74.01, -0.36)
(319251.1, -74.01, -0.36)
(319275.0, -74.0, -0.36)
(319299.0, -74.0, -0.36)
(319323.1, -74.0, -0.36)
(319347.0, -74.0, -0.36)
(319371.0, -74.0, -0.36)
(319395.0, -74.0, -0.36)
(319411.0, -74.0, -0.36)
(319435.0, -74.0, -0.36)
(319459.0, -74.0, -0.36)
(319483.0, -74.0, -0.36)
(319507.0, -74.0, -0.36)
(319531.1, -74.0, -0.36)
(319555.0, -74.0, -0.35)
(319571.0, -74.0, -0.35)
(319595.0, -74.0, -0.35)
(319619.1, -74.0, -0.35)
(319643.0, -74.0, -0.35)
(319667.0, -74.0, -0.35)
(319691.0, -74.0, -0.35)
(319715.0, -74.0, -0.35)
(319731.0, -74.0, -0.35)
(319755.0, -74.01, -0.35)
(319779.0, -74.01, -0.35)
(319803.0, -74.0, -0.35)
(319827.0, -74.0, -0.35)
(319851.0, -74.0, -0.35)
(319875.0, -74.0, -0.35)
(319899.1, -74.0, -0.35)
(319923.0, -74.0, -0.35)
(319947.0, -74.0, -0.35)
(319971.0, -74.0, -0.35)
(319995.0, -74.0, -0.35)
(320019.0, -74.0, -0.35)
(320043.0, -74.0, -0.35)
(320067.0, -74.0, -0.35)
(320091.0, -74.0, -0.35)
(320115.0, -74.0, -0.35)
(320139.0, -74.0, -0.35)
(320163.0, -73.99, -0.34)
(320187.0, -73.99, -0.34)
(320211.0, -74.0, -0.34)
(320235.0, -74.0, -0.34)
(320259.0, -74.0, -0.34)
(320283.0, -74.0, -0.34)
(320307.0, -74.0, -0.34)
(320331.0, -74.0, -0.34)
(320355.0, -74.0, -0.34)
(320379.0, -74.0, -0.34)
(320403.0, -74.0, -0.34)
(320427.0, -74.01, -0.34)
(320451.0, -74.01, -0.34)
(320475.0, -74.01, -0.35)
(320499.0, -74.01, -0.35)
(320514.9, -74.01, -0.35)
(320539.0, -74.01, -0.35)
(320563.0, -74.01, -0.35)
(320587.0, -74.01, -0.35)
(320611.0, -74.01, -0.35)
(320635.0, -74.01, -0.35)
(320659.0, -74.01, -0.35)
(320683.0, -74.01, -0.35)
(320707.0, -74.01, -0.35)
(320731.0, -74.01, -0.35)
(320755.0, -74.0, -0.35)
(320779.0, -74.0, -0.35)
(320803.0, -74.01, -0.35)
(320827.0, -74.01, -0.35)
(320851.0, -74.01, -0.35)
(320875.0, -74.01, -0.34)
(320899.0, -74.01, -0.34)
(320923.0, -74.01, -0.34)
(320947.0, -74.01, -0.34)
(320971.0, -74.0, -0.34)
(320994.9, -74.0, -0.34)
(321019.0, -74.0, -0.34)
(321043.0, -74.0, -0.34)
(321067.0, -74.0, -0.35)
(321091.0, -74.0, -0.35)
(321115.0, -74.01, -0.35)
(321139.0, -74.01, -0.35)
(321163.0, -74.0, -0.35)
(321187.0, -74.01, -0.35)
(321203.0, -74.01, -0.35)
(321227.0, -74.0, -0.35)
(321251.0, -74.0, -0.35)
(321275.0, -74.01, -0.35)
(321299.0, -74.01, -0.35)
(321323.0, -74.01, -0.35)
(321347.0, -74.01, -0.35)
(321371.0, -74.01, -0.35)
(321395.0, -74.01, -0.35)
(321419.0, -74.01, -0.35)
(321442.9, -74.01, -0.35)
(321467.0, -74.01, -0.35)
(321491.0, -74.01, -0.35)
(321514.9, -74.01, -0.35)
(321538.9, -74.01, -0.35)
(321563.0, -74.0, -0.35)
(321586.9, -74.0, -0.35)
(321611.0, -74.01, -0.35)
(321635.0, -74.0, -0.35)
(321658.9, -74.0, -0.35)
(321683.0, -74.0, -0.35)
(321706.9, -74.0, -0.35)
(321730.9, -74.0, -0.35)
(321754.9, -74.0, -0.35)
(321778.9, -74.0, -0.35)
(321794.9, -74.0, -0.35)
(321818.9, -74.0, -0.35)
(321842.9, -74.0, -0.35)
(321866.9, -74.0, -0.35)
(321882.9, -74.0, -0.35)
(321906.9, -74.0, -0.35)
(321930.9, -74.0, -0.35)
(321946.9, -74.0, -0.35)
(321970.9, -74.0, -0.35)
(321994.9, -74.0, -0.35)
(322018.9, -74.0, -0.35)
(322034.9, -74.0, -0.35)
(322058.9, -74.0, -0.35)
(322083.0, -74.0, -0.35)
(322106.9, -74.0, -0.35)
(322130.9, -74.0, -0.35)
(322155.0, -74.0, -0.35)
(322171.0, -74.0, -0.35)
(322194.9, -74.0, -0.35)
(322218.9, -74.0, -0.35)
(322234.9, -74.0, -0.35)
(322259.0, -74.0, -0.35)
(322282.9, -74.0, -0.35)
(322306.9, -74.0, -0.35)
(322330.9, -74.0, -0.35)
(322354.9, -74.0, -0.35)
(322378.9, -74.0, -0.35)
(322402.9, -74.0, -0.35)
(322426.9, -74.0, -0.35)
(322451.0, -74.0, -0.35)
(322474.9, -74.0, -0.36)
(322498.9, -74.0, -0.36)
(322522.9, -74.0, -0.36)
(322546.9, -74.0, -0.36)
(322570.9, -74.0, -0.36)
(322586.9, -74.0, -0.36)
(322610.9, -74.0, -0.35)
(322634.9, -74.0, -0.36)
(322658.9, -74.0, -0.36)
