-23.325944 -77.288004 492.517175 
-23.286177 -77.240073 492.651891 
-23.286177 -77.240073 492.651891 
-23.286177 -77.240073 492.651891 
-23.356105 -77.349488 492.906913 
-23.294345 -77.152367 492.120103 
-23.294345 -77.152367 492.120103 
-23.294345 -77.152367 492.120103 
-23.452663 -77.550240 494.177457 
-28.175578 -78.126846 500.297898 
-26.743719 -75.143580 484.990605 
-25.400529 -74.096925 475.692455 
-24.572446 -78.274511 501.894319 
-23.576980 -75.453289 485.658313 
-22.403071 -76.210321 488.111395 
-21.077199 -78.463432 503.173668 
-20.050765 -73.948379 475.986882 
-19.005221 -77.031782 493.819262 
-17.859689 -77.536359 496.878143 
-10.500374 -75.911408 482.971637 
-15.533694 -77.139120 493.655216 
-14.643511 -78.218395 501.298991 
-7.351343 -76.881333 488.573355 
-12.051135 -78.571898 503.190124 
-11.310903 -76.019606 488.894961 
-10.161118 -75.180466 484.240784 
-8.524616 -78.430403 503.147716 
-8.082757 -74.305238 480.059254 
-6.662952 -75.815156 488.980018 
-5.094761 -78.180270 501.595901 
1.334567 -77.883872 493.990810 
-3.333330 -75.604392 485.642219 
-2.026730 -78.543038 502.562120 
4.753864 -77.343507 491.623613 
0.265969 -77.497324 496.319298 
0.991615 -75.766331 488.196500 
7.956192 -77.316876 488.951263 
3.826582 -77.789967 498.271623 
10.336147 -76.381124 485.024241 
11.652541 -75.281149 476.283942 
7.480998 -78.217098 501.390882 
7.128401 -73.729795 476.351538 
14.953741 -76.980352 487.644900 
10.585687 -77.641823 498.377322 
17.062838 -76.937634 487.444044 
12.618459 -76.910441 493.869872 
13.614599 -77.131571 497.032671 
20.324209 -76.695193 487.714855 
21.761535 -78.932112 498.053326 
22.473104 -76.080427 483.765882 
23.715152 -76.397253 482.878101 
20.375933 -78.662787 505.464377 
25.914963 -76.693591 486.884561 
26.950499 -75.647691 478.965105 
23.853578 -78.689001 505.668374 
23.429411 -76.132131 491.445155 
30.321372 -75.543551 478.567359 
26.722818 -78.011481 502.243539 
32.739858 -77.185394 489.597254 
34.135126 -78.166533 493.303278 
29.402780 -76.711665 495.189153 
35.752564 -76.360921 484.329955 
32.820448 -78.693435 505.339514 
32.164014 -75.812133 489.290292 
38.687184 -74.703310 472.478165 
36.541975 -78.715200 506.086734 
40.500922 -73.442867 469.348730 
42.331547 -75.935182 480.113562 
39.459036 -78.071118 502.199623 
44.814632 -76.747074 485.117302 
45.467160 -75.381380 476.783272 
47.657126 -78.303668 494.715810 
48.217429 -76.549089 485.966095 
50.107934 -78.528298 494.837277 
43.853483 -74.753848 484.262797 
51.231345 -76.500532 483.213258 
47.946477 -77.232048 496.565490 
53.139564 -75.818690 479.927561 
54.146554 -75.542412 476.971590 
52.491030 -78.380277 504.727732 
56.173630 -74.978023 475.653068 
58.335785 -77.320670 487.391976 
54.543380 -76.748815 495.072539 
60.574162 -77.102012 488.107857 
62.581942 -78.539706 494.694716 
57.436171 -76.531612 494.336404 
63.355151 -76.052128 482.824888 
66.247553 -78.995749 497.389749 
65.876228 -76.853906 486.936697 
65.403458 -74.132556 470.347599 
64.969458 -78.252908 504.024660 
68.492453 -75.571891 479.592831 
69.889880 -76.237486 480.760242 
68.330927 -78.117951 503.674244 
72.873038 -77.273069 488.355832 
73.659302 -76.714178 483.609956 
76.873184 -79.690297 501.626105 
76.104063 -76.935440 487.394030 
79.231239 -79.604434 501.388910 
78.569462 -77.388872 489.985376 
78.523376 -76.209713 480.878739 
77.563480 -78.171739 504.002192 
82.140106 -77.542204 490.939194 
80.640470 -74.688119 471.413831 
81.295094 -78.283896 505.604235 
81.936877 -73.614772 467.322285 
86.843078 -77.800268 491.589128 
89.431454 -79.321905 500.441300 
87.727358 -76.513207 482.885110 
89.811858 -77.599454 488.670120 
92.318853 -78.920674 498.355204 
91.520450 -76.847998 486.084942 
94.829718 -79.123841 498.557683 
93.928865 -76.906297 487.576770 
93.893967 -76.055347 480.325831 
93.663315 -78.169776 504.319674 
94.339912 -74.448206 471.064683 
96.889079 -76.185856 478.557406 
96.999638 -78.087316 503.846798 
99.509882 -76.018105 480.815066 
101.343225 -76.852573 484.463613 
105.233775 -79.106763 499.184144 
103.641723 -76.801775 485.589584 
106.045727 -78.139915 491.238883 
101.236774 -76.330740 494.440867 
105.648351 -75.719996 479.107259 
109.153387 -77.868427 490.403895 
109.845553 -77.096918 488.884113 
106.251829 -73.673249 464.887585 
110.022374 -78.462727 506.053925 
108.478041 -73.369380 465.800261 
112.335496 -76.096262 479.140864 
112.373135 -77.662496 501.600432 
114.363427 -75.670856 478.274583 
116.349426 -76.380203 482.006840 
119.406482 -77.950882 491.305016 
118.511666 -76.232415 482.570330 
123.031198 -78.912325 497.072908 
115.416346 -75.405733 488.895863 
120.679613 -75.815929 477.730190 
127.729507 -79.498997 501.433006 
122.570325 -75.254311 476.551032 
123.985082 -75.508899 477.269949 
125.977431 -78.282061 505.306806 
124.934742 -74.597987 472.335572 
129.936316 -77.292317 488.230782 
133.015338 -78.570130 495.452488 
131.101229 -76.613764 484.251257 
133.585234 -77.757110 489.070070 
135.523288 -78.024671 493.309841 
133.910955 -76.178555 482.160979 
138.339833 -78.555076 494.024350 
134.544820 -75.317908 476.760228 
136.983281 -76.244181 480.753931 
144.169778 -79.864464 502.887798 
136.255893 -73.986032 470.845434 
140.721763 -76.635018 482.745717 
146.428008 -79.126778 498.477768 
145.374655 -77.568978 492.262839 
141.581686 -75.139530 473.952174 
147.243416 -77.539061 490.600001 
146.157339 -76.315604 482.799271 
149.318107 -77.690107 489.162202 
149.684900 -77.277407 487.489952 
145.029633 -73.790177 467.173626 
154.468876 -78.584917 494.949830 
151.891347 -76.644398 484.134458 
146.093571 -72.815429 459.758388 
153.750218 -77.839194 502.467922 
151.489504 -74.418570 471.068794 
157.014800 -76.775198 485.640823 
161.573422 -78.808811 496.598755 
157.270250 -75.895034 479.224841 
160.933657 -77.384322 487.617772 
162.655042 -77.350880 489.700893 
161.978609 -76.568237 483.933553 
167.008777 -78.843696 495.958342 
164.719649 -76.818622 485.731050 
160.101842 -74.032249 467.568072 
171.574313 -79.035336 498.564283 
167.555679 -76.779545 484.509208 
163.559496 -74.421538 468.243260 
176.132049 -79.618127 502.058912 
168.165222 -75.184750 475.729951 
173.055683 -77.183498 487.056640 
176.956105 -78.453424 494.902909 
171.110629 -75.236693 475.181064 
178.461502 -78.185081 492.624418 
177.765829 -77.350007 488.221463 
173.702774 -74.918030 473.113076 
185.041651 -79.729975 501.810938 
174.951244 -74.475186 470.777459 
175.575637 -74.146592 468.834098 
187.887624 -79.269500 499.587871 
176.724143 -73.950206 466.817108 
182.088068 -75.848756 478.302279 
191.434137 -79.276189 499.904161 
184.835301 -75.878202 479.651854 
182.230305 -74.334639 469.163279 
190.463342 -77.361375 489.052436 
188.587212 -76.083419 480.945072 
191.947547 -77.322560 486.389099 
189.623212 -75.702042 478.355498 
189.623212 -75.702042 478.355498 
190.885686 -76.144381 481.687986 
191.722423 -76.371083 483.969814 
191.722423 -76.371083 483.969814 
191.722423 -76.371083 483.969814 
192.006148 -76.582993 484.938640 
191.681210 -76.398456 484.063938 
191.641156 -76.582289 483.884103 
191.641156 -76.582289 483.884103 
191.641156 -76.582289 483.884103 
191.641156 -76.582289 483.884103 
191.641156 -76.582289 483.884103 
191.641156 -76.582289 483.884103 
191.641156 -76.582289 483.884103 
191.641156 -76.582289 483.884103 
191.641156 -76.582289 483.884103 
191.641156 -76.582289 483.884103 
191.641156 -76.582289 483.884103 
191.641156 -76.582289 483.884103 
