-18.610814 11.616769 479.561110 
-18.610814 11.616769 479.561110 
-13.424335 21.252492 475.671328 
-44.938924 14.466675 478.560710 
-36.014868 12.753492 482.946617 
-34.796717 11.243593 471.436863 
-24.942727 10.923199 476.853821 
-31.770348 11.066252 481.209459 
-31.303418 10.670073 483.998049 
-30.262657 9.336647 464.572090 
-29.928418 10.370572 486.306315 
-28.759461 10.136981 479.924073 
-26.223448 9.819726 476.711307 
-24.767704 9.137544 467.272322 
-16.334177 8.816591 466.063335 
-22.641739 9.977413 485.730150 
-21.100259 10.698650 472.513554 
-19.650153 11.155300 469.935821 
-18.484781 13.205331 488.147048 
-17.485008 12.873278 475.246013 
-16.955450 13.476238 480.201035 
-16.740164 13.589436 479.096345 
-16.422164 11.797396 451.967130 
-16.684218 13.417198 478.798716 
-16.547518 13.510229 478.223820 
-16.108741 12.965555 489.741913 
-15.336373 13.423431 485.456665 
-14.420295 12.013064 483.141285 
-13.720829 12.301106 488.867548 
-12.804583 11.601774 485.530470 
-12.621261 10.570213 476.757492 
-12.421367 8.968053 464.613411 
-12.753163 7.546638 474.118606 
-13.420696 6.153871 477.231097 
-13.994749 5.001192 484.360711 
-14.985419 4.246064 472.611916 
-16.482692 4.224103 485.728559 
-17.854845 3.579698 472.321967 
-21.729524 1.180430 478.349114 
-24.233594 0.071145 487.809938 
-26.166433 -1.850316 477.136320 
-28.770313 -4.009332 489.517119 
-31.003223 -6.027705 483.561546 
-33.463937 -8.854725 485.451029 
-36.680101 -12.091143 465.482893 
-36.680101 -12.091143 465.482893 
-40.499357 -15.316783 493.402517 
-42.649153 -16.783545 486.473443 
-44.267797 -19.143775 482.309877 
-47.382401 -21.517607 493.330129 
-51.555163 -23.079868 488.966248 
-54.801375 -25.074355 503.716995 
-56.495628 -25.039227 498.360375 
-58.687684 -25.705049 498.538848 
-62.271478 -27.385301 495.293191 
-68.353123 -28.605948 512.520777 
-67.637874 -28.811368 491.064032 
-71.863692 -29.670971 507.335133 
-73.550715 -30.524597 506.402666 
-76.397045 -31.531038 513.931597 
-78.824046 -32.856063 517.382840 
-82.765349 -34.400994 530.439728 
-85.793543 -34.850202 522.684372 
-88.789157 -36.019050 530.103019 
-92.414367 -36.217663 531.946894 
-95.420019 -36.383406 538.338697 
-100.642856 -34.886943 541.714992 
-106.872206 -34.910884 559.634567 
-107.588795 -32.521994 547.487648 
-110.389530 -31.096152 543.939620 
-115.933007 -30.067806 557.993243 
-116.731758 -27.688100 545.141287 
-123.603336 -28.206188 563.053365 
-124.546573 -26.605557 552.656416 
-131.177490 -25.677102 550.695604 
-136.751171 -26.387660 557.203635 
-143.367238 -27.319578 566.130735 
-141.960888 -26.560853 542.678126 
-156.373002 -28.387665 565.466625 
-159.577495 -29.464390 555.103054 
-166.650686 -31.709579 559.828166 
-175.188160 -34.416290 579.790039 
-194.285770 -41.337856 578.416639 
-207.628606 -41.223488 594.285177 
-210.581326 -38.834508 590.748353 
-194.163563 -34.562271 546.875693 
-197.761235 -37.898615 584.719025 
-189.432052 -39.604975 583.311222 
-184.462055 -40.389873 581.229774 
-173.690599 -40.915350 561.182112 
-175.828697 -44.776324 583.280434 
-178.558607 -49.641418 611.189761 
-162.315364 -49.597191 571.078554 
-163.693194 -53.632175 592.364123 
-152.539181 -53.012959 562.388171 
-150.690478 -55.336727 559.130332 
-147.033723 -55.958243 546.962536 
-150.390818 -58.607559 559.318915 
-147.338736 -58.542222 549.512673 
-146.178122 -58.917231 542.120741 
-148.728914 -59.933175 553.998947 
-144.024078 -57.508490 532.827911 
-145.437262 -57.943082 538.647283 
-142.851745 -56.752577 527.667673 
-143.548227 -54.272375 531.202347 
-148.117681 -54.685383 548.751153 
-133.443395 -49.149586 500.918176 
-135.898470 -49.438110 516.464462 
-128.642258 -46.268047 505.761228 
-122.049214 -43.449892 491.281254 
-117.659303 -43.181819 494.123358 
-103.983495 -40.536741 490.490810 
-103.878988 -42.505722 523.725684 
-86.991157 -41.949670 515.286904 
-73.021977 -38.247381 495.350902 
-72.845022 -37.151296 512.769458 
-60.781626 -33.730970 496.857740 
-53.758454 -33.110893 515.929021 
-42.607175 -30.730713 496.288697 
-28.963383 -30.048188 500.497956 
-17.750910 -27.853536 517.535606 
-10.185188 -25.629639 504.242226 
-2.676548 -25.843127 514.027394 
4.250075 -25.006593 509.967041 
11.429219 -24.560450 514.162541 
17.766060 -23.936161 514.051661 
25.652639 -24.318348 527.414058 
29.784543 -23.083202 509.997248 
38.060485 -23.419671 518.420589 
43.426992 -22.303435 514.140211 
52.833093 -20.196023 507.455252 
76.821296 -21.791954 539.802651 
138.290374 -16.513932 508.719952 
163.725519 -21.887318 519.142896 
171.443296 -28.423770 497.159582 
165.539118 -27.328713 463.797632 
-142.788977 -22.492115 519.809379 
-141.875758 -21.357987 511.600907 
-142.027981 -20.459641 510.246530 
-141.696579 -20.727769 508.109706 
-143.248119 -19.491970 512.906034 
-142.834044 -19.017353 510.489286 
-142.526982 -19.238565 509.460446 
-145.351294 -20.923404 521.586444 
-143.573773 -21.213008 515.716901 
-143.146224 -21.653153 513.801284 
-144.356549 -22.578607 519.537605 
-142.925305 -21.728225 515.304163 
43.368306 -68.851051 519.596750 
-3.520521 -66.037163 545.464045 
-3.694982 -63.574344 534.011499 
-3.332613 -63.895852 537.395895 
-0.690812 -68.578829 569.910923 
2.681198 -40.658221 596.993300 
6.599508 -38.473020 585.412755 
0.608490 -32.764886 586.848997 
0.182858 -31.299500 604.384607 
0.008824 -28.419737 612.835474 
-0.471461 -25.262146 617.713060 
-0.305974 -19.452595 632.786859 
-0.859221 -13.572073 615.797637 
-0.725199 -7.065128 633.409749 
-1.352004 5.908556 624.056993 
-0.418707 9.851612 634.432588 
-0.188741 14.867016 640.830791 
0.218449 18.780753 640.633469 
0.529219 22.372484 644.440187 
0.480347 24.891998 633.245103 
-0.070377 21.942248 629.250582 
-0.549742 18.602617 620.666581 
-1.175640 14.391088 607.668514 
3.312484 5.802121 593.136898 
-0.982372 3.873732 588.250427 
0.021710 -3.102252 590.654980 
0.934570 -14.271176 556.842747 
2.215965 -20.985180 558.800501 
4.147723 -29.563568 571.251549 
4.966692 -35.209422 558.943410 
5.582858 -39.874787 535.182270 
7.751658 -46.666087 545.570335 
9.236741 -51.194448 529.398820 
11.851954 -57.567032 535.817756 
13.673809 -60.787658 525.265979 
14.330515 -62.071848 500.919786 
22.728949 -68.491278 514.737559 
18.400106 -70.673340 517.156470 
18.284451 -70.568069 505.919992 
18.297597 -71.944729 507.064552 
18.233188 -72.950248 512.736330 
16.968444 -71.470519 503.662159 
14.933761 -67.464429 486.829585 
14.662951 -68.016925 504.172288 
13.318187 -65.568089 514.888703 
10.997756 -59.466238 506.729797 
9.039419 -56.033730 514.518239 
12.695508 -51.518702 512.657727 
10.814051 -46.937337 508.067150 
2.421067 -42.096136 505.785536 
1.054430 -39.494963 515.612436 
-0.239307 -36.641270 513.510839 
-1.454795 -32.397522 497.495998 
4.919888 -32.326733 516.775866 
-1.204457 -31.035157 523.903307 
-1.241537 -28.848928 507.135410 
-1.162012 -26.221838 507.096214 
-0.301278 -26.097863 523.719629 
-0.503001 -24.381287 500.291204 
0.274336 -23.946342 527.693560 
0.861842 -22.745120 531.710946 
0.639905 -21.278902 517.869559 
0.943022 -20.720590 517.586319 
1.299758 -21.541761 529.008429 
1.321982 -20.496159 523.853414 
1.503811 -20.045071 521.659533 
1.458681 -19.166750 518.313269 
2.257190 -19.620986 537.822548 
2.121355 -18.201816 523.649615 
2.352105 -18.424008 524.102927 
3.052475 -18.315328 533.011714 
3.225303 -17.535276 520.931627 
4.034555 -17.386604 534.308642 
4.904441 -16.717603 528.940702 
5.248824 -16.095517 523.825631 
5.398148 -13.866574 519.522870 
6.578814 -14.049038 529.759168 
6.677359 -12.641757 506.308550 
7.402683 -12.119343 503.183137 
9.397539 -11.811885 521.878265 
11.229479 -11.047576 535.451107 
12.264483 -10.731225 527.945078 
19.905394 -9.879567 525.112318 
21.167367 -9.129886 520.834981 
15.413470 -7.877832 505.300157 
15.413470 -7.877832 505.300157 
